filename_lr,macro_class
00001_lr-0.png,1
00002_lr-0.png,1
00003_lr-0.png,1
00004_lr-0.png,1
00005_lr-0.png,1
00006_lr-0.png,1
00007_lr-0.png,1
00008_lr-0.png,0
00009_lr-0.png,1
00010_lr-0.png,1
00011_lr-0.png,1
00012_lr-0.png,1
00013_lr-0.png,1
00014_lr-0.png,1
00015_lr-0.png,1
00016_lr-0.png,1
00017_lr-0.png,0
00018_lr-0.png,0
00019_lr-0.png,1
00020_lr-0.png,0
00021_lr-0.png,1
00022_lr-0.png,0
00023_lr-0.png,0
00024_lr-0.png,1
00025_lr-0.png,1
00026_lr-0.png,0
00027_lr-0.png,1
00028_lr-0.png,0
00029_lr-0.png,1
00030_lr-0.png,0
00031_lr-0.png,1
00032_lr-0.png,0
00033_lr-0.png,1
00034_lr-0.png,0
00035_lr-0.png,1
00036_lr-0.png,1
00037_lr-0.png,1
00038_lr-0.png,1
00039_lr-0.png,0
00040_lr-0.png,1
00041_lr-0.png,0
00042_lr-0.png,1
00043_lr-0.png,1
00044_lr-0.png,1
00045_lr-0.png,0
00046_lr-0.png,1
00047_lr-0.png,1
00048_lr-0.png,0
00049_lr-0.png,0
00050_lr-0.png,0
00051_lr-0.png,1
00052_lr-0.png,0
00053_lr-0.png,1
00054_lr-0.png,0
00055_lr-0.png,1
00056_lr-0.png,1
00057_lr-0.png,1
00058_lr-0.png,1
00059_lr-0.png,1
00060_lr-0.png,1
00061_lr-0.png,1
00062_lr-0.png,1
00063_lr-0.png,0
00064_lr-0.png,1
00065_lr-0.png,0
00066_lr-0.png,1
00067_lr-0.png,1
00068_lr-0.png,1
00069_lr-0.png,1
00070_lr-0.png,1
00071_lr-0.png,1
00072_lr-0.png,1
00073_lr-0.png,1
00074_lr-0.png,1
00075_lr-0.png,1
00076_lr-0.png,1
00077_lr-0.png,0
00078_lr-0.png,1
00079_lr-0.png,1
00080_lr-0.png,1
00081_lr-0.png,1
00082_lr-0.png,1
00083_lr-0.png,1
00084_lr-0.png,1
00085_lr-0.png,1
00086_lr-0.png,1
00087_lr-0.png,0
00088_lr-0.png,1
00089_lr-0.png,1
00090_lr-0.png,1
00091_lr-0.png,1
00092_lr-0.png,1
00093_lr-0.png,1
00094_lr-0.png,1
00095_lr-0.png,1
00096_lr-0.png,0
00097_lr-0.png,1
00098_lr-0.png,1
00099_lr-0.png,1
00100_lr-0.png,1
00101_lr-0.png,1
00102_lr-0.png,0
00103_lr-0.png,0
00104_lr-0.png,1
00105_lr-0.png,1
00106_lr-0.png,0
00107_lr-0.png,1
00108_lr-0.png,1
00109_lr-0.png,1
00110_lr-0.png,1
00111_lr-0.png,1
00112_lr-0.png,1
00113_lr-0.png,1
00114_lr-0.png,1
00115_lr-0.png,1
00116_lr-0.png,0
00117_lr-0.png,1
00118_lr-0.png,1
00119_lr-0.png,1
00120_lr-0.png,1
00121_lr-0.png,1
00122_lr-0.png,1
00123_lr-0.png,1
00124_lr-0.png,1
00125_lr-0.png,1
00126_lr-0.png,1
00127_lr-0.png,0
00128_lr-0.png,0
00129_lr-0.png,1
00130_lr-0.png,1
00131_lr-0.png,0
00132_lr-0.png,1
00133_lr-0.png,0
00134_lr-0.png,0
00135_lr-0.png,0
00136_lr-0.png,1
00138_lr-0.png,0
00144_lr-0.png,0
00146_lr-0.png,0
00147_lr-0.png,1
00148_lr-0.png,0
00149_lr-0.png,1
00150_lr-0.png,1
00151_lr-0.png,1
00152_lr-0.png,0
00153_lr-0.png,0
00154_lr-0.png,0
00155_lr-0.png,0
00156_lr-0.png,1
00157_lr-0.png,0
00158_lr-0.png,1
00159_lr-0.png,1
00160_lr-0.png,0
00161_lr-0.png,0
00162_lr-0.png,0
00163_lr-0.png,1
00164_lr-0.png,0
00165_lr-0.png,1
00166_lr-0.png,1
00167_lr-0.png,0
00168_lr-0.png,0
00169_lr-0.png,0
00170_lr-0.png,0
00171_lr-0.png,0
00172_lr-0.png,0
00173_lr-0.png,0
00174_lr-0.png,1
00175_lr-0.png,0
00176_lr-0.png,1
00177_lr-0.png,0
00178_lr-0.png,1
00179_lr-0.png,1
00180_lr-0.png,0
00181_lr-0.png,0
00182_lr-0.png,0
00183_lr-0.png,1
00184_lr-0.png,0
00185_lr-0.png,1
00186_lr-0.png,0
00187_lr-0.png,1
00188_lr-0.png,0
00189_lr-0.png,0
00190_lr-0.png,0
00191_lr-0.png,0
00192_lr-0.png,0
00193_lr-0.png,1
00194_lr-0.png,1
00195_lr-0.png,0
00196_lr-0.png,1
00197_lr-0.png,1
00198_lr-0.png,1
00199_lr-0.png,0
00200_lr-0.png,1
00201_lr-0.png,1
00202_lr-0.png,1
00203_lr-0.png,1
00204_lr-0.png,1
00205_lr-0.png,1
00206_lr-0.png,1
00207_lr-0.png,1
00208_lr-0.png,1
00209_lr-0.png,0
00210_lr-0.png,0
00211_lr-0.png,0
00212_lr-0.png,1
00213_lr-0.png,1
00214_lr-0.png,1
00215_lr-0.png,1
00216_lr-0.png,1
00217_lr-0.png,0
00218_lr-0.png,1
00219_lr-0.png,1
00220_lr-0.png,0
00221_lr-0.png,1
00222_lr-0.png,0
00223_lr-0.png,0
00224_lr-0.png,1
00225_lr-0.png,1
00226_lr-0.png,0
00227_lr-0.png,1
00228_lr-0.png,1
00229_lr-0.png,1
00230_lr-0.png,1
00231_lr-0.png,1
00232_lr-0.png,1
00233_lr-0.png,1
00234_lr-0.png,0
00235_lr-0.png,1
00236_lr-0.png,1
00237_lr-0.png,1
00238_lr-0.png,0
00239_lr-0.png,1
00240_lr-0.png,0
00241_lr-0.png,1
00242_lr-0.png,1
00243_lr-0.png,1
00244_lr-0.png,1
00245_lr-0.png,1
00246_lr-0.png,1
00247_lr-0.png,1
00248_lr-0.png,1
00249_lr-0.png,1
00250_lr-0.png,1
00251_lr-0.png,1
00252_lr-0.png,1
00253_lr-0.png,1
00254_lr-0.png,1
00255_lr-0.png,0
00256_lr-0.png,0
00257_lr-0.png,0
00258_lr-0.png,0
00259_lr-0.png,0
00260_lr-0.png,0
00261_lr-0.png,0
00262_lr-0.png,1
00263_lr-0.png,0
00264_lr-0.png,1
00265_lr-0.png,1
00266_lr-0.png,0
00267_lr-0.png,0
00268_lr-0.png,1
00269_lr-0.png,0
00270_lr-0.png,0
00271_lr-0.png,0
00272_lr-0.png,1
00273_lr-0.png,0
00274_lr-0.png,0
00275_lr-0.png,1
00276_lr-0.png,0
00277_lr-0.png,1
00278_lr-0.png,1
00279_lr-0.png,0
00280_lr-0.png,1
00281_lr-0.png,0
00282_lr-0.png,0
00283_lr-0.png,1
00284_lr-0.png,0
00285_lr-0.png,0
00286_lr-0.png,0
00287_lr-0.png,0
00288_lr-0.png,1
00289_lr-0.png,1
00290_lr-0.png,0
00291_lr-0.png,1
00292_lr-0.png,1
00293_lr-0.png,1
00294_lr-0.png,0
00295_lr-0.png,0
00296_lr-0.png,0
00297_lr-0.png,1
00298_lr-0.png,0
00299_lr-0.png,0
00300_lr-0.png,1
00301_lr-0.png,1
00302_lr-0.png,1
00303_lr-0.png,1
00304_lr-0.png,1
00305_lr-0.png,0
00306_lr-0.png,0
00307_lr-0.png,0
00308_lr-0.png,0
00309_lr-0.png,1
00310_lr-0.png,0
00311_lr-0.png,0
00312_lr-0.png,1
00313_lr-0.png,0
00314_lr-0.png,1
00315_lr-0.png,1
00316_lr-0.png,0
00317_lr-0.png,1
00318_lr-0.png,0
00319_lr-0.png,0
00320_lr-0.png,0
00321_lr-0.png,0
00322_lr-0.png,1
00323_lr-0.png,0
00324_lr-0.png,1
00325_lr-0.png,0
00326_lr-0.png,0
00327_lr-0.png,1
00328_lr-0.png,0
00329_lr-0.png,0
00330_lr-0.png,1
00331_lr-0.png,0
00332_lr-0.png,1
00333_lr-0.png,0
00334_lr-0.png,1
00335_lr-0.png,1
00336_lr-0.png,0
00337_lr-0.png,0
00338_lr-0.png,0
00339_lr-0.png,1
00340_lr-0.png,1
00341_lr-0.png,0
00342_lr-0.png,1
00343_lr-0.png,1
00344_lr-0.png,0
00345_lr-0.png,1
00346_lr-0.png,0
00347_lr-0.png,0
00348_lr-0.png,0
00349_lr-0.png,0
00350_lr-0.png,0
00351_lr-0.png,0
00352_lr-0.png,1
00353_lr-0.png,1
00354_lr-0.png,1
00355_lr-0.png,1
00356_lr-0.png,1
00357_lr-0.png,0
00358_lr-0.png,1
00359_lr-0.png,1
00360_lr-0.png,1
00361_lr-0.png,1
00362_lr-0.png,1
00363_lr-0.png,0
00364_lr-0.png,1
00365_lr-0.png,1
00366_lr-0.png,1
00367_lr-0.png,1
00368_lr-0.png,1
00369_lr-0.png,0
00370_lr-0.png,1
00371_lr-0.png,1
00372_lr-0.png,1
00373_lr-0.png,1
00374_lr-0.png,1
00375_lr-0.png,1
00376_lr-0.png,1
00377_lr-0.png,0
00378_lr-0.png,0
00379_lr-0.png,1
00380_lr-0.png,0
00381_lr-0.png,1
00382_lr-0.png,0
00383_lr-0.png,0
00384_lr-0.png,1
00385_lr-0.png,0
00386_lr-0.png,0
00387_lr-0.png,1
00388_lr-0.png,0
00389_lr-0.png,1
00390_lr-0.png,0
00391_lr-0.png,1
00392_lr-0.png,1
00393_lr-0.png,1
00394_lr-0.png,1
00395_lr-0.png,1
00396_lr-0.png,1
00397_lr-0.png,1
00398_lr-0.png,1
00399_lr-0.png,1
00400_lr-0.png,0
00401_lr-0.png,1
00402_lr-0.png,1
00403_lr-0.png,1
00404_lr-0.png,1
00405_lr-0.png,1
00406_lr-0.png,1
00407_lr-0.png,0
00408_lr-0.png,0
00409_lr-0.png,0
00410_lr-0.png,1
00411_lr-0.png,1
00412_lr-0.png,0
00413_lr-0.png,0
00414_lr-0.png,0
00415_lr-0.png,0
00416_lr-0.png,0
00417_lr-0.png,1
00418_lr-0.png,0
00419_lr-0.png,1
00420_lr-0.png,1
00421_lr-0.png,1
00422_lr-0.png,0
00423_lr-0.png,0
00424_lr-0.png,0
00425_lr-0.png,0
00426_lr-0.png,1
00427_lr-0.png,0
00428_lr-0.png,0
00429_lr-0.png,0
00430_lr-0.png,0
00431_lr-0.png,1
00432_lr-0.png,1
00433_lr-0.png,1
00434_lr-0.png,1
00435_lr-0.png,1
00436_lr-0.png,1
00437_lr-0.png,1
00438_lr-0.png,1
00439_lr-0.png,1
00440_lr-0.png,1
00441_lr-0.png,1
00442_lr-0.png,0
00443_lr-0.png,1
00444_lr-0.png,1
00445_lr-0.png,1
00446_lr-0.png,1
00447_lr-0.png,0
00448_lr-0.png,0
00449_lr-0.png,0
00450_lr-0.png,0
00451_lr-0.png,1
00452_lr-0.png,0
00453_lr-0.png,0
00454_lr-0.png,1
00455_lr-0.png,0
00457_lr-0.png,1
00460_lr-0.png,1
00463_lr-0.png,1
00464_lr-0.png,0
00465_lr-0.png,0
00466_lr-0.png,1
00467_lr-0.png,1
00468_lr-0.png,0
00469_lr-0.png,0
00470_lr-0.png,1
00471_lr-0.png,1
00472_lr-0.png,1
00473_lr-0.png,1
00474_lr-0.png,1
00475_lr-0.png,1
00476_lr-0.png,0
00477_lr-0.png,0
00478_lr-0.png,1
00479_lr-0.png,0
00480_lr-0.png,1
00481_lr-0.png,1
00482_lr-0.png,0
00483_lr-0.png,0
00484_lr-0.png,0
00485_lr-0.png,0
00486_lr-0.png,0
00487_lr-0.png,1
00488_lr-0.png,1
00489_lr-0.png,0
00490_lr-0.png,1
00491_lr-0.png,1
00492_lr-0.png,0
00493_lr-0.png,1
00494_lr-0.png,1
00495_lr-0.png,0
00496_lr-0.png,0
00497_lr-0.png,1
00498_lr-0.png,0
00499_lr-0.png,0
00500_lr-0.png,0
00501_lr-0.png,0
00502_lr-0.png,0
00503_lr-0.png,0
00504_lr-0.png,1
00505_lr-0.png,1
00506_lr-0.png,1
00507_lr-0.png,0
00508_lr-0.png,0
00509_lr-0.png,1
00510_lr-0.png,0
00511_lr-0.png,0
00512_lr-0.png,0
00513_lr-0.png,0
00514_lr-0.png,0
00515_lr-0.png,0
00516_lr-0.png,0
00517_lr-0.png,0
00518_lr-0.png,0
00519_lr-0.png,0
00520_lr-0.png,0
00521_lr-0.png,1
00522_lr-0.png,0
00523_lr-0.png,1
00524_lr-0.png,0
00525_lr-0.png,0
00526_lr-0.png,0
00527_lr-0.png,0
00528_lr-0.png,0
00529_lr-0.png,0
00530_lr-0.png,0
00531_lr-0.png,1
00532_lr-0.png,0
00533_lr-0.png,1
00534_lr-0.png,0
00535_lr-0.png,0
00536_lr-0.png,0
00537_lr-0.png,0
00538_lr-0.png,1
00539_lr-0.png,1
00540_lr-0.png,0
00541_lr-0.png,0
00542_lr-0.png,0
00543_lr-0.png,1
00544_lr-0.png,0
00545_lr-0.png,0
00546_lr-0.png,0
00547_lr-0.png,0
00548_lr-0.png,1
00549_lr-0.png,1
00550_lr-0.png,0
00551_lr-0.png,0
00552_lr-0.png,1
00553_lr-0.png,1
00554_lr-0.png,0
00555_lr-0.png,0
00556_lr-0.png,0
00557_lr-0.png,0
00558_lr-0.png,0
00559_lr-0.png,1
00560_lr-0.png,1
00561_lr-0.png,1
00562_lr-0.png,0
00563_lr-0.png,0
00564_lr-0.png,0
00565_lr-0.png,1
00566_lr-0.png,1
00567_lr-0.png,0
00568_lr-0.png,1
00569_lr-0.png,0
00570_lr-0.png,1
00571_lr-0.png,0
00572_lr-0.png,1
00573_lr-0.png,0
00574_lr-0.png,1
00575_lr-0.png,0
00576_lr-0.png,0
00577_lr-0.png,0
00578_lr-0.png,1
00579_lr-0.png,0
00580_lr-0.png,1
00581_lr-0.png,0
00582_lr-0.png,1
00583_lr-0.png,1
00584_lr-0.png,1
00585_lr-0.png,0
00586_lr-0.png,1
00587_lr-0.png,1
00588_lr-0.png,0
00589_lr-0.png,1
00590_lr-0.png,1
00591_lr-0.png,1
00592_lr-0.png,0
00593_lr-0.png,0
00594_lr-0.png,0
00595_lr-0.png,1
00596_lr-0.png,1
00597_lr-0.png,1
00598_lr-0.png,0
00599_lr-0.png,0
00600_lr-0.png,0
00601_lr-0.png,0
00602_lr-0.png,1
00603_lr-0.png,1
00604_lr-0.png,0
00605_lr-0.png,1
00606_lr-0.png,1
00607_lr-0.png,0
00608_lr-0.png,0
00609_lr-0.png,0
00610_lr-0.png,0
00611_lr-0.png,1
00612_lr-0.png,0
00613_lr-0.png,0
00614_lr-0.png,1
00615_lr-0.png,1
00616_lr-0.png,0
00617_lr-0.png,0
00618_lr-0.png,0
00619_lr-0.png,1
00620_lr-0.png,1
00621_lr-0.png,0
00622_lr-0.png,0
00623_lr-0.png,0
00624_lr-0.png,1
00625_lr-0.png,1
00626_lr-0.png,0
00627_lr-0.png,0
00628_lr-0.png,1
00629_lr-0.png,1
00630_lr-0.png,1
00631_lr-0.png,1
00632_lr-0.png,0
00633_lr-0.png,0
00634_lr-0.png,0
00635_lr-0.png,0
00636_lr-0.png,0
00637_lr-0.png,0
00638_lr-0.png,1
00639_lr-0.png,1
00640_lr-0.png,0
00641_lr-0.png,1
00642_lr-0.png,1
00643_lr-0.png,1
00644_lr-0.png,1
00645_lr-0.png,1
00646_lr-0.png,0
00647_lr-0.png,1
00648_lr-0.png,1
00649_lr-0.png,1
00650_lr-0.png,0
00651_lr-0.png,0
00652_lr-0.png,0
00653_lr-0.png,1
00654_lr-0.png,1
00655_lr-0.png,1
00656_lr-0.png,0
00657_lr-0.png,1
00658_lr-0.png,0
00659_lr-0.png,0
00660_lr-0.png,1
00661_lr-0.png,0
00662_lr-0.png,1
00663_lr-0.png,1
00664_lr-0.png,1
00665_lr-0.png,0
00666_lr-0.png,1
00667_lr-0.png,0
00668_lr-0.png,1
00669_lr-0.png,1
00670_lr-0.png,1
00671_lr-0.png,1
00672_lr-0.png,0
00673_lr-0.png,1
00674_lr-0.png,0
00675_lr-0.png,1
00676_lr-0.png,1
00677_lr-0.png,1
00678_lr-0.png,0
00679_lr-0.png,1
00680_lr-0.png,0
00681_lr-0.png,0
00682_lr-0.png,0
00683_lr-0.png,1
00684_lr-0.png,1
00685_lr-0.png,0
00686_lr-0.png,0
00687_lr-0.png,1
00688_lr-0.png,0
00689_lr-0.png,0
00690_lr-0.png,0
00691_lr-0.png,0
00692_lr-0.png,0
00693_lr-0.png,0
00694_lr-0.png,1
00695_lr-0.png,1
00696_lr-0.png,1
00697_lr-0.png,0
00698_lr-0.png,1
00699_lr-0.png,0
00700_lr-0.png,0
00701_lr-0.png,0
00702_lr-0.png,0
00703_lr-0.png,0
00704_lr-0.png,0
00705_lr-0.png,0
00706_lr-0.png,0
00707_lr-0.png,0
00708_lr-0.png,0
00709_lr-0.png,1
00710_lr-0.png,1
00711_lr-0.png,0
00712_lr-0.png,0
00713_lr-0.png,0
00714_lr-0.png,0
00715_lr-0.png,1
00716_lr-0.png,0
00717_lr-0.png,0
00718_lr-0.png,0
00719_lr-0.png,1
00720_lr-0.png,0
00721_lr-0.png,1
00722_lr-0.png,0
00723_lr-0.png,0
00724_lr-0.png,0
00725_lr-0.png,1
00726_lr-0.png,1
00727_lr-0.png,0
00728_lr-0.png,0
00729_lr-0.png,1
00730_lr-0.png,0
00731_lr-0.png,0
00732_lr-0.png,1
00733_lr-0.png,0
00734_lr-0.png,0
00735_lr-0.png,1
00736_lr-0.png,1
00737_lr-0.png,1
00738_lr-0.png,0
00739_lr-0.png,0
00740_lr-0.png,1
00741_lr-0.png,0
00742_lr-0.png,0
00743_lr-0.png,0
00744_lr-0.png,0
00745_lr-0.png,0
00746_lr-0.png,0
00747_lr-0.png,0
00748_lr-0.png,1
00749_lr-0.png,1
00750_lr-0.png,0
00751_lr-0.png,1
00752_lr-0.png,1
00753_lr-0.png,1
00754_lr-0.png,1
00755_lr-0.png,0
00756_lr-0.png,0
00757_lr-0.png,0
00758_lr-0.png,1
00759_lr-0.png,1
00760_lr-0.png,0
00761_lr-0.png,0
00762_lr-0.png,1
00763_lr-0.png,1
00764_lr-0.png,1
00765_lr-0.png,0
00766_lr-0.png,0
00767_lr-0.png,0
00768_lr-0.png,0
00769_lr-0.png,1
00770_lr-0.png,1
00771_lr-0.png,1
00772_lr-0.png,1
00773_lr-0.png,1
00774_lr-0.png,1
00775_lr-0.png,1
00776_lr-0.png,1
00777_lr-0.png,1
00778_lr-0.png,1
00779_lr-0.png,1
00780_lr-0.png,1
00781_lr-0.png,1
00782_lr-0.png,1
00783_lr-0.png,1
00784_lr-0.png,1
00785_lr-0.png,0
00786_lr-0.png,0
00787_lr-0.png,1
00788_lr-0.png,0
00789_lr-0.png,0
00790_lr-0.png,1
00791_lr-0.png,1
00792_lr-0.png,1
00793_lr-0.png,1
00794_lr-0.png,0
00795_lr-0.png,1
00796_lr-0.png,0
00797_lr-0.png,1
00798_lr-0.png,0
00799_lr-0.png,0
00800_lr-0.png,0
00801_lr-0.png,0
00802_lr-0.png,1
00803_lr-0.png,1
00804_lr-0.png,1
00805_lr-0.png,1
00806_lr-0.png,0
00807_lr-0.png,0
00808_lr-0.png,1
00809_lr-0.png,1
00810_lr-0.png,0
00811_lr-0.png,0
00812_lr-0.png,1
00813_lr-0.png,1
00814_lr-0.png,0
00815_lr-0.png,1
00816_lr-0.png,0
00817_lr-0.png,1
00818_lr-0.png,1
00819_lr-0.png,1
00820_lr-0.png,0
00821_lr-0.png,0
00822_lr-0.png,0
00823_lr-0.png,0
00824_lr-0.png,1
00825_lr-0.png,0
00826_lr-0.png,0
00827_lr-0.png,0
00828_lr-0.png,0
00829_lr-0.png,0
00830_lr-0.png,1
00831_lr-0.png,0
00832_lr-0.png,1
00833_lr-0.png,0
00834_lr-0.png,1
00835_lr-0.png,1
00836_lr-0.png,0
00837_lr-0.png,1
00838_lr-0.png,1
00839_lr-0.png,1
00840_lr-0.png,0
00841_lr-0.png,0
00842_lr-0.png,0
00843_lr-0.png,1
00844_lr-0.png,0
00845_lr-0.png,1
00846_lr-0.png,0
00847_lr-0.png,0
00848_lr-0.png,1
00849_lr-0.png,0
00850_lr-0.png,1
00851_lr-0.png,1
00852_lr-0.png,0
00853_lr-0.png,0
00854_lr-0.png,0
00855_lr-0.png,0
00856_lr-0.png,0
00857_lr-0.png,0
00858_lr-0.png,0
00859_lr-0.png,0
00860_lr-0.png,1
00861_lr-0.png,0
00862_lr-0.png,1
00863_lr-0.png,1
00864_lr-0.png,0
00865_lr-0.png,1
00866_lr-0.png,1
00867_lr-0.png,1
00868_lr-0.png,1
00869_lr-0.png,0
00870_lr-0.png,1
00871_lr-0.png,0
00872_lr-0.png,0
00873_lr-0.png,0
00874_lr-0.png,1
00875_lr-0.png,1
00876_lr-0.png,1
00877_lr-0.png,0
00878_lr-0.png,1
00879_lr-0.png,1
00880_lr-0.png,0
00881_lr-0.png,1
00882_lr-0.png,1
00883_lr-0.png,0
00884_lr-0.png,1
00885_lr-0.png,0
00886_lr-0.png,1
00887_lr-0.png,1
00888_lr-0.png,1
00889_lr-0.png,1
00890_lr-0.png,0
00891_lr-0.png,1
00892_lr-0.png,1
00893_lr-0.png,1
00894_lr-0.png,0
00895_lr-0.png,1
00896_lr-0.png,1
00897_lr-0.png,1
00898_lr-0.png,0
00899_lr-0.png,1
00900_lr-0.png,1
00901_lr-0.png,1
00902_lr-0.png,1
00903_lr-0.png,0
00904_lr-0.png,1
00905_lr-0.png,1
00906_lr-0.png,1
00907_lr-0.png,0
00908_lr-0.png,0
00909_lr-0.png,0
00910_lr-0.png,0
00911_lr-0.png,1
00912_lr-0.png,0
00913_lr-0.png,1
00914_lr-0.png,0
00915_lr-0.png,0
00916_lr-0.png,1
00917_lr-0.png,1
00918_lr-0.png,1
00919_lr-0.png,0
00920_lr-0.png,1
00921_lr-0.png,1
00922_lr-0.png,1
00923_lr-0.png,0
00924_lr-0.png,0
00925_lr-0.png,1
00926_lr-0.png,1
00927_lr-0.png,1
00928_lr-0.png,1
00929_lr-0.png,1
00930_lr-0.png,0
00931_lr-0.png,1
00932_lr-0.png,0
00933_lr-0.png,1
00934_lr-0.png,0
00935_lr-0.png,1
00936_lr-0.png,1
00937_lr-0.png,1
00938_lr-0.png,0
00939_lr-0.png,0
00940_lr-0.png,0
00941_lr-0.png,0
00942_lr-0.png,0
00943_lr-0.png,0
00944_lr-0.png,1
00945_lr-0.png,1
00946_lr-0.png,0
00947_lr-0.png,0
00948_lr-0.png,0
00949_lr-0.png,1
00950_lr-0.png,0
00951_lr-0.png,1
00952_lr-0.png,1
00953_lr-0.png,0
00954_lr-0.png,1
00955_lr-0.png,0
00956_lr-0.png,1
00957_lr-0.png,0
00958_lr-0.png,1
00959_lr-0.png,0
00960_lr-0.png,1
00961_lr-0.png,1
00962_lr-0.png,0
00963_lr-0.png,0
00964_lr-0.png,0
00965_lr-0.png,0
00966_lr-0.png,1
00967_lr-0.png,1
00968_lr-0.png,0
00969_lr-0.png,1
00970_lr-0.png,0
00971_lr-0.png,1
00972_lr-0.png,1
00973_lr-0.png,0
00974_lr-0.png,0
00975_lr-0.png,0
00976_lr-0.png,1
00977_lr-0.png,0
00978_lr-0.png,0
00979_lr-0.png,1
00980_lr-0.png,0
00981_lr-0.png,1
00982_lr-0.png,0
00983_lr-0.png,1
00984_lr-0.png,0
00985_lr-0.png,1
00986_lr-0.png,0
00987_lr-0.png,0
00988_lr-0.png,1
00989_lr-0.png,1
00990_lr-0.png,0
00991_lr-0.png,0
00992_lr-0.png,1
00993_lr-0.png,0
00994_lr-0.png,0
00995_lr-0.png,1
00996_lr-0.png,0
00997_lr-0.png,0
00998_lr-0.png,0
00999_lr-0.png,1
01000_lr-0.png,1
01001_lr-0.png,1
01002_lr-0.png,1
01003_lr-0.png,1
01004_lr-0.png,0
01005_lr-0.png,0
01006_lr-0.png,0
01007_lr-0.png,1
01008_lr-0.png,1
01009_lr-0.png,0
01010_lr-0.png,0
01011_lr-0.png,1
01012_lr-0.png,0
01013_lr-0.png,0
01014_lr-0.png,0
01015_lr-0.png,0
01016_lr-0.png,1
01017_lr-0.png,0
01018_lr-0.png,1
01019_lr-0.png,1
01020_lr-0.png,0
01021_lr-0.png,1
01022_lr-0.png,1
01023_lr-0.png,1
01024_lr-0.png,0
01025_lr-0.png,0
01026_lr-0.png,0
01027_lr-0.png,1
01028_lr-0.png,1
01029_lr-0.png,1
01030_lr-0.png,0
01031_lr-0.png,1
01032_lr-0.png,0
01033_lr-0.png,0
01034_lr-0.png,1
01035_lr-0.png,0
01036_lr-0.png,0
01037_lr-0.png,1
01038_lr-0.png,0
01039_lr-0.png,0
01040_lr-0.png,0
01041_lr-0.png,1
01042_lr-0.png,1
01043_lr-0.png,0
01044_lr-0.png,0
01045_lr-0.png,1
01046_lr-0.png,0
01047_lr-0.png,1
01048_lr-0.png,0
01049_lr-0.png,0
01050_lr-0.png,0
01051_lr-0.png,1
01052_lr-0.png,0
01053_lr-0.png,0
01054_lr-0.png,1
01055_lr-0.png,0
01056_lr-0.png,0
01057_lr-0.png,1
01058_lr-0.png,1
01059_lr-0.png,0
01060_lr-0.png,0
01061_lr-0.png,1
01062_lr-0.png,1
01063_lr-0.png,0
01064_lr-0.png,0
01065_lr-0.png,0
01066_lr-0.png,0
01067_lr-0.png,1
01068_lr-0.png,0
01069_lr-0.png,1
01070_lr-0.png,0
01071_lr-0.png,1
01072_lr-0.png,0
01073_lr-0.png,0
01074_lr-0.png,0
01075_lr-0.png,0
01076_lr-0.png,1
01077_lr-0.png,0
01078_lr-0.png,1
01079_lr-0.png,0
01080_lr-0.png,0
01081_lr-0.png,0
01082_lr-0.png,0
01083_lr-0.png,1
01084_lr-0.png,1
01085_lr-0.png,0
01086_lr-0.png,1
01087_lr-0.png,0
01088_lr-0.png,0
01089_lr-0.png,1
01090_lr-0.png,1
01091_lr-0.png,0
01092_lr-0.png,1
01093_lr-0.png,0
01094_lr-0.png,1
01095_lr-0.png,1
01096_lr-0.png,1
01097_lr-0.png,1
01098_lr-0.png,1
01099_lr-0.png,1
01100_lr-0.png,1
01101_lr-0.png,1
01102_lr-0.png,1
01103_lr-0.png,0
01104_lr-0.png,1
01105_lr-0.png,0
01106_lr-0.png,1
01107_lr-0.png,1
01108_lr-0.png,0
01109_lr-0.png,0
01110_lr-0.png,0
01111_lr-0.png,0
01112_lr-0.png,1
01113_lr-0.png,1
01114_lr-0.png,1
01115_lr-0.png,1
01116_lr-0.png,1
01117_lr-0.png,1
01118_lr-0.png,1
01119_lr-0.png,1
01120_lr-0.png,0
01121_lr-0.png,1
01122_lr-0.png,1
01123_lr-0.png,0
01124_lr-0.png,1
01125_lr-0.png,1
01126_lr-0.png,0
01127_lr-0.png,1
01128_lr-0.png,0
01129_lr-0.png,1
01130_lr-0.png,1
01131_lr-0.png,1
01132_lr-0.png,1
01133_lr-0.png,1
01134_lr-0.png,0
01135_lr-0.png,0
01136_lr-0.png,0
01137_lr-0.png,1
01138_lr-0.png,0
01139_lr-0.png,1
01140_lr-0.png,1
01141_lr-0.png,1
01142_lr-0.png,1
01143_lr-0.png,1
01144_lr-0.png,1
01145_lr-0.png,1
01146_lr-0.png,0
01147_lr-0.png,1
01148_lr-0.png,0
01149_lr-0.png,1
01150_lr-0.png,0
01151_lr-0.png,0
01152_lr-0.png,1
01153_lr-0.png,0
01154_lr-0.png,0
01155_lr-0.png,0
01156_lr-0.png,0
01157_lr-0.png,0
01158_lr-0.png,1
01159_lr-0.png,0
01160_lr-0.png,0
01161_lr-0.png,1
01162_lr-0.png,0
01163_lr-0.png,1
01164_lr-0.png,0
01165_lr-0.png,1
01166_lr-0.png,1
01167_lr-0.png,1
01168_lr-0.png,0
01169_lr-0.png,1
01170_lr-0.png,1
01171_lr-0.png,1
01172_lr-0.png,1
01173_lr-0.png,0
01174_lr-0.png,1
01175_lr-0.png,0
01176_lr-0.png,1
01177_lr-0.png,0
01178_lr-0.png,0
01179_lr-0.png,0
01180_lr-0.png,0
01181_lr-0.png,1
01182_lr-0.png,1
01183_lr-0.png,0
01184_lr-0.png,1
01185_lr-0.png,0
01186_lr-0.png,1
01187_lr-0.png,0
01188_lr-0.png,1
01189_lr-0.png,0
01190_lr-0.png,1
01191_lr-0.png,1
01192_lr-0.png,1
01193_lr-0.png,0
01194_lr-0.png,0
01195_lr-0.png,1
01196_lr-0.png,1
01197_lr-0.png,1
01198_lr-0.png,0
01199_lr-0.png,0
01200_lr-0.png,0
01201_lr-0.png,1
01202_lr-0.png,0
01203_lr-0.png,0
01204_lr-0.png,1
01205_lr-0.png,0
01206_lr-0.png,1
01207_lr-0.png,0
01208_lr-0.png,1
01209_lr-0.png,1
01210_lr-0.png,0
01211_lr-0.png,0
01212_lr-0.png,1
01213_lr-0.png,0
01214_lr-0.png,1
01215_lr-0.png,0
01216_lr-0.png,0
01217_lr-0.png,1
01218_lr-0.png,1
01219_lr-0.png,0
01220_lr-0.png,1
01221_lr-0.png,1
01222_lr-0.png,0
01223_lr-0.png,1
01224_lr-0.png,0
01225_lr-0.png,0
01226_lr-0.png,1
01227_lr-0.png,0
01228_lr-0.png,0
01229_lr-0.png,0
01230_lr-0.png,1
01231_lr-0.png,0
01232_lr-0.png,0
01233_lr-0.png,0
01234_lr-0.png,1
01235_lr-0.png,0
01236_lr-0.png,1
01237_lr-0.png,0
01238_lr-0.png,1
01239_lr-0.png,0
01240_lr-0.png,0
01241_lr-0.png,1
01242_lr-0.png,0
01243_lr-0.png,1
01244_lr-0.png,1
01245_lr-0.png,1
01246_lr-0.png,1
01247_lr-0.png,1
01248_lr-0.png,0
01249_lr-0.png,1
01250_lr-0.png,1
01251_lr-0.png,1
01252_lr-0.png,1
01253_lr-0.png,1
01254_lr-0.png,1
01255_lr-0.png,0
01256_lr-0.png,0
01257_lr-0.png,1
01258_lr-0.png,1
01259_lr-0.png,1
01260_lr-0.png,0
01261_lr-0.png,0
01262_lr-0.png,1
01263_lr-0.png,1
01264_lr-0.png,1
01265_lr-0.png,1
01266_lr-0.png,1
01267_lr-0.png,1
01268_lr-0.png,0
01269_lr-0.png,1
01270_lr-0.png,1
01271_lr-0.png,1
01272_lr-0.png,1
01273_lr-0.png,1
01274_lr-0.png,1
01275_lr-0.png,0
01276_lr-0.png,1
01277_lr-0.png,0
01278_lr-0.png,0
01279_lr-0.png,0
01280_lr-0.png,1
01281_lr-0.png,1
01282_lr-0.png,1
01283_lr-0.png,1
01284_lr-0.png,0
01285_lr-0.png,1
01286_lr-0.png,1
01287_lr-0.png,1
01288_lr-0.png,0
01289_lr-0.png,1
01290_lr-0.png,1
01291_lr-0.png,1
01292_lr-0.png,1
01293_lr-0.png,1
01294_lr-0.png,1
01295_lr-0.png,0
01296_lr-0.png,1
01297_lr-0.png,1
01298_lr-0.png,0
01299_lr-0.png,0
01300_lr-0.png,1
01301_lr-0.png,1
01302_lr-0.png,1
01303_lr-0.png,1
01304_lr-0.png,1
01305_lr-0.png,1
01306_lr-0.png,1
01307_lr-0.png,0
01308_lr-0.png,1
01309_lr-0.png,0
01310_lr-0.png,1
01311_lr-0.png,1
01312_lr-0.png,1
01313_lr-0.png,1
01314_lr-0.png,1
01315_lr-0.png,1
01316_lr-0.png,1
01317_lr-0.png,0
01318_lr-0.png,1
01319_lr-0.png,0
01320_lr-0.png,0
01321_lr-0.png,1
01322_lr-0.png,0
01323_lr-0.png,1
01324_lr-0.png,0
01325_lr-0.png,0
01326_lr-0.png,1
01327_lr-0.png,0
01328_lr-0.png,0
01329_lr-0.png,1
01330_lr-0.png,1
01331_lr-0.png,1
01332_lr-0.png,0
01333_lr-0.png,0
01334_lr-0.png,1
01335_lr-0.png,1
01336_lr-0.png,1
01337_lr-0.png,0
01338_lr-0.png,0
01339_lr-0.png,0
01340_lr-0.png,1
01341_lr-0.png,1
01342_lr-0.png,0
01343_lr-0.png,0
01344_lr-0.png,1
01345_lr-0.png,1
01346_lr-0.png,1
01347_lr-0.png,0
01348_lr-0.png,1
01349_lr-0.png,1
01350_lr-0.png,1
01351_lr-0.png,1
01352_lr-0.png,1
01353_lr-0.png,1
01354_lr-0.png,1
01355_lr-0.png,1
01356_lr-0.png,1
01357_lr-0.png,1
01358_lr-0.png,0
01359_lr-0.png,1
01360_lr-0.png,1
01361_lr-0.png,1
01362_lr-0.png,0
01363_lr-0.png,1
01364_lr-0.png,1
01365_lr-0.png,0
01366_lr-0.png,0
01367_lr-0.png,0
01368_lr-0.png,1
01369_lr-0.png,1
01370_lr-0.png,0
01371_lr-0.png,0
01372_lr-0.png,1
01373_lr-0.png,0
01374_lr-0.png,1
01375_lr-0.png,1
01376_lr-0.png,1
01377_lr-0.png,0
01378_lr-0.png,0
01379_lr-0.png,1
01380_lr-0.png,1
01381_lr-0.png,1
01382_lr-0.png,1
01383_lr-0.png,1
01384_lr-0.png,0
01385_lr-0.png,0
01386_lr-0.png,0
01387_lr-0.png,0
01388_lr-0.png,1
01389_lr-0.png,1
01390_lr-0.png,1
01391_lr-0.png,0
01392_lr-0.png,0
01393_lr-0.png,0
01394_lr-0.png,0
01395_lr-0.png,1
01396_lr-0.png,1
01397_lr-0.png,1
01398_lr-0.png,0
01399_lr-0.png,0
01400_lr-0.png,1
01401_lr-0.png,1
01402_lr-0.png,0
01403_lr-0.png,0
01404_lr-0.png,0
01405_lr-0.png,0
01406_lr-0.png,1
01407_lr-0.png,1
01408_lr-0.png,1
01409_lr-0.png,1
01410_lr-0.png,1
01411_lr-0.png,0
01412_lr-0.png,1
01413_lr-0.png,1
01414_lr-0.png,1
01415_lr-0.png,0
01416_lr-0.png,0
01417_lr-0.png,0
01418_lr-0.png,1
01419_lr-0.png,0
01420_lr-0.png,1
01421_lr-0.png,1
01422_lr-0.png,1
01423_lr-0.png,1
01424_lr-0.png,0
01425_lr-0.png,0
01426_lr-0.png,0
01427_lr-0.png,0
01428_lr-0.png,1
01429_lr-0.png,0
01430_lr-0.png,0
01431_lr-0.png,1
01432_lr-0.png,0
01433_lr-0.png,0
01434_lr-0.png,0
01435_lr-0.png,0
01436_lr-0.png,0
01437_lr-0.png,0
01438_lr-0.png,1
01439_lr-0.png,0
01440_lr-0.png,0
01441_lr-0.png,0
01442_lr-0.png,1
01443_lr-0.png,0
01444_lr-0.png,0
01445_lr-0.png,0
01446_lr-0.png,1
01447_lr-0.png,0
01448_lr-0.png,1
01449_lr-0.png,0
01450_lr-0.png,0
01451_lr-0.png,0
01452_lr-0.png,0
01453_lr-0.png,1
01454_lr-0.png,1
01455_lr-0.png,1
01456_lr-0.png,0
01457_lr-0.png,0
01458_lr-0.png,1
01459_lr-0.png,1
01460_lr-0.png,1
01461_lr-0.png,0
01462_lr-0.png,1
01463_lr-0.png,0
01464_lr-0.png,0
01465_lr-0.png,1
01466_lr-0.png,0
01467_lr-0.png,1
01468_lr-0.png,1
01469_lr-0.png,0
01470_lr-0.png,0
01471_lr-0.png,0
01472_lr-0.png,1
01473_lr-0.png,0
01474_lr-0.png,0
01475_lr-0.png,1
01476_lr-0.png,1
01477_lr-0.png,1
01478_lr-0.png,0
01479_lr-0.png,1
01480_lr-0.png,0
01481_lr-0.png,1
01482_lr-0.png,0
01483_lr-0.png,0
01484_lr-0.png,0
01485_lr-0.png,1
01486_lr-0.png,0
01487_lr-0.png,1
01488_lr-0.png,1
01489_lr-0.png,0
01490_lr-0.png,0
01491_lr-0.png,1
01492_lr-0.png,0
01493_lr-0.png,1
01494_lr-0.png,1
01495_lr-0.png,1
01496_lr-0.png,0
01497_lr-0.png,1
01498_lr-0.png,1
01499_lr-0.png,1
01500_lr-0.png,0
01501_lr-0.png,1
01502_lr-0.png,0
01503_lr-0.png,0
01504_lr-0.png,1
01505_lr-0.png,1
01506_lr-0.png,1
01507_lr-0.png,1
01508_lr-0.png,0
01509_lr-0.png,1
01510_lr-0.png,1
01511_lr-0.png,1
01512_lr-0.png,0
01513_lr-0.png,0
01514_lr-0.png,0
01515_lr-0.png,0
01516_lr-0.png,1
01517_lr-0.png,1
01518_lr-0.png,1
01519_lr-0.png,1
01520_lr-0.png,0
01521_lr-0.png,0
01522_lr-0.png,0
01523_lr-0.png,1
01524_lr-0.png,0
01525_lr-0.png,0
01526_lr-0.png,1
01527_lr-0.png,1
01528_lr-0.png,0
01529_lr-0.png,0
01530_lr-0.png,1
01531_lr-0.png,1
01532_lr-0.png,1
01533_lr-0.png,1
01534_lr-0.png,0
01535_lr-0.png,0
01536_lr-0.png,1
01537_lr-0.png,0
01538_lr-0.png,1
01539_lr-0.png,1
01540_lr-0.png,0
01541_lr-0.png,0
01542_lr-0.png,0
01543_lr-0.png,1
01544_lr-0.png,0
01545_lr-0.png,1
01546_lr-0.png,0
01547_lr-0.png,0
01548_lr-0.png,0
01549_lr-0.png,0
01550_lr-0.png,0
01551_lr-0.png,0
01552_lr-0.png,0
01553_lr-0.png,1
01554_lr-0.png,0
01555_lr-0.png,1
01556_lr-0.png,0
01557_lr-0.png,1
01558_lr-0.png,0
01559_lr-0.png,1
01560_lr-0.png,1
01561_lr-0.png,1
01562_lr-0.png,0
01563_lr-0.png,0
01564_lr-0.png,0
01565_lr-0.png,1
01566_lr-0.png,1
01567_lr-0.png,1
01568_lr-0.png,1
01569_lr-0.png,0
01570_lr-0.png,0
01571_lr-0.png,0
01572_lr-0.png,0
01573_lr-0.png,1
01574_lr-0.png,1
01575_lr-0.png,0
01576_lr-0.png,0
01577_lr-0.png,0
01578_lr-0.png,1
01579_lr-0.png,0
01580_lr-0.png,1
01581_lr-0.png,1
01582_lr-0.png,1
01583_lr-0.png,0
01584_lr-0.png,1
01585_lr-0.png,1
01586_lr-0.png,0
01587_lr-0.png,0
01588_lr-0.png,0
01589_lr-0.png,1
01590_lr-0.png,0
01591_lr-0.png,0
01592_lr-0.png,0
01593_lr-0.png,1
01594_lr-0.png,0
01595_lr-0.png,1
01596_lr-0.png,0
01597_lr-0.png,1
01598_lr-0.png,1
01599_lr-0.png,0
01600_lr-0.png,1
01601_lr-0.png,0
01602_lr-0.png,0
01603_lr-0.png,0
01604_lr-0.png,1
01605_lr-0.png,0
01606_lr-0.png,0
01607_lr-0.png,1
01608_lr-0.png,0
01609_lr-0.png,0
01610_lr-0.png,1
01611_lr-0.png,0
01612_lr-0.png,0
01613_lr-0.png,1
01614_lr-0.png,1
01615_lr-0.png,1
01616_lr-0.png,0
01617_lr-0.png,1
01618_lr-0.png,1
01619_lr-0.png,1
01620_lr-0.png,1
01621_lr-0.png,0
01622_lr-0.png,1
01623_lr-0.png,1
01624_lr-0.png,0
01625_lr-0.png,0
01626_lr-0.png,1
01627_lr-0.png,0
01628_lr-0.png,1
01629_lr-0.png,1
01630_lr-0.png,1
01631_lr-0.png,1
01632_lr-0.png,1
01633_lr-0.png,0
01634_lr-0.png,1
01635_lr-0.png,0
01636_lr-0.png,1
01637_lr-0.png,1
01638_lr-0.png,1
01639_lr-0.png,1
01640_lr-0.png,0
01641_lr-0.png,0
01642_lr-0.png,1
01643_lr-0.png,1
01644_lr-0.png,0
01645_lr-0.png,1
01646_lr-0.png,0
01647_lr-0.png,0
01648_lr-0.png,1
01649_lr-0.png,0
01650_lr-0.png,0
01651_lr-0.png,1
01652_lr-0.png,0
01653_lr-0.png,1
01654_lr-0.png,0
01655_lr-0.png,1
01656_lr-0.png,1
01657_lr-0.png,1
01658_lr-0.png,1
01659_lr-0.png,1
01660_lr-0.png,1
01661_lr-0.png,0
01662_lr-0.png,1
01663_lr-0.png,0
01664_lr-0.png,1
01665_lr-0.png,0
01666_lr-0.png,1
01667_lr-0.png,0
01668_lr-0.png,1
01669_lr-0.png,1
01670_lr-0.png,0
01671_lr-0.png,0
01672_lr-0.png,1
01673_lr-0.png,1
01674_lr-0.png,0
01675_lr-0.png,0
01676_lr-0.png,0
01677_lr-0.png,1
01678_lr-0.png,1
01679_lr-0.png,1
01680_lr-0.png,0
01681_lr-0.png,1
01682_lr-0.png,0
01683_lr-0.png,0
01684_lr-0.png,0
01685_lr-0.png,1
01686_lr-0.png,1
01687_lr-0.png,0
01688_lr-0.png,0
01689_lr-0.png,0
01690_lr-0.png,1
01691_lr-0.png,1
01692_lr-0.png,1
01693_lr-0.png,1
01694_lr-0.png,0
01695_lr-0.png,1
01696_lr-0.png,0
01697_lr-0.png,1
01698_lr-0.png,1
01699_lr-0.png,1
01700_lr-0.png,1
01701_lr-0.png,1
01702_lr-0.png,1
01703_lr-0.png,0
01704_lr-0.png,0
01705_lr-0.png,1
01706_lr-0.png,1
01707_lr-0.png,1
01708_lr-0.png,1
01709_lr-0.png,0
01710_lr-0.png,0
01711_lr-0.png,1
01712_lr-0.png,0
01713_lr-0.png,0
01714_lr-0.png,1
01715_lr-0.png,1
01716_lr-0.png,0
01717_lr-0.png,0
01718_lr-0.png,1
01719_lr-0.png,0
01720_lr-0.png,1
01721_lr-0.png,0
01722_lr-0.png,0
01723_lr-0.png,0
01724_lr-0.png,1
01725_lr-0.png,0
01726_lr-0.png,1
01727_lr-0.png,1
01728_lr-0.png,1
01729_lr-0.png,0
01730_lr-0.png,1
01731_lr-0.png,0
01732_lr-0.png,1
01733_lr-0.png,0
01734_lr-0.png,1
01735_lr-0.png,0
01736_lr-0.png,0
01737_lr-0.png,0
01738_lr-0.png,0
01739_lr-0.png,0
01740_lr-0.png,1
01741_lr-0.png,1
01742_lr-0.png,0
01743_lr-0.png,1
01744_lr-0.png,0
01745_lr-0.png,0
01746_lr-0.png,1
01747_lr-0.png,0
01748_lr-0.png,1
01749_lr-0.png,1
01750_lr-0.png,0
01751_lr-0.png,0
01752_lr-0.png,1
01753_lr-0.png,0
01754_lr-0.png,0
01755_lr-0.png,0
01756_lr-0.png,0
01757_lr-0.png,1
01758_lr-0.png,0
01759_lr-0.png,1
01760_lr-0.png,1
01761_lr-0.png,0
01762_lr-0.png,1
01763_lr-0.png,0
01764_lr-0.png,0
01765_lr-0.png,0
01766_lr-0.png,0
01767_lr-0.png,1
01768_lr-0.png,0
01769_lr-0.png,0
01770_lr-0.png,0
01771_lr-0.png,1
01772_lr-0.png,1
01773_lr-0.png,0
01774_lr-0.png,0
01775_lr-0.png,1
01776_lr-0.png,1
01777_lr-0.png,0
01778_lr-0.png,1
01779_lr-0.png,1
01780_lr-0.png,1
01781_lr-0.png,0
01782_lr-0.png,1
01783_lr-0.png,1
01784_lr-0.png,0
01785_lr-0.png,0
01786_lr-0.png,0
01787_lr-0.png,1
01788_lr-0.png,1
01789_lr-0.png,0
01790_lr-0.png,1
01791_lr-0.png,1
01792_lr-0.png,0
01793_lr-0.png,1
01794_lr-0.png,1
01795_lr-0.png,1
01796_lr-0.png,1
01797_lr-0.png,0
01798_lr-0.png,0
01799_lr-0.png,0
01800_lr-0.png,0
01801_lr-0.png,0
01802_lr-0.png,0
01803_lr-0.png,0
01804_lr-0.png,1
01805_lr-0.png,0
01806_lr-0.png,0
01807_lr-0.png,0
01808_lr-0.png,1
01809_lr-0.png,0
01810_lr-0.png,0
01811_lr-0.png,0
01812_lr-0.png,0
01813_lr-0.png,1
01814_lr-0.png,0
01815_lr-0.png,0
01816_lr-0.png,0
01817_lr-0.png,0
01818_lr-0.png,1
01819_lr-0.png,0
01820_lr-0.png,0
01821_lr-0.png,1
01822_lr-0.png,1
01823_lr-0.png,1
01824_lr-0.png,1
01825_lr-0.png,1
01826_lr-0.png,1
01827_lr-0.png,1
01828_lr-0.png,0
01829_lr-0.png,0
01830_lr-0.png,1
01831_lr-0.png,1
01832_lr-0.png,0
01833_lr-0.png,1
01834_lr-0.png,1
01835_lr-0.png,1
01836_lr-0.png,1
01837_lr-0.png,0
01838_lr-0.png,1
01839_lr-0.png,0
01840_lr-0.png,1
01841_lr-0.png,1
01842_lr-0.png,0
01843_lr-0.png,1
01844_lr-0.png,0
01845_lr-0.png,1
01846_lr-0.png,0
01847_lr-0.png,0
01848_lr-0.png,0
01849_lr-0.png,0
01850_lr-0.png,1
01851_lr-0.png,0
01852_lr-0.png,1
01853_lr-0.png,0
01854_lr-0.png,1
01855_lr-0.png,0
01856_lr-0.png,1
01857_lr-0.png,1
01858_lr-0.png,0
01859_lr-0.png,1
01860_lr-0.png,1
01861_lr-0.png,1
01862_lr-0.png,1
01863_lr-0.png,0
01864_lr-0.png,0
01865_lr-0.png,1
01866_lr-0.png,1
01867_lr-0.png,1
01868_lr-0.png,0
01869_lr-0.png,1
01870_lr-0.png,1
01871_lr-0.png,1
01872_lr-0.png,0
01873_lr-0.png,1
01874_lr-0.png,0
01875_lr-0.png,1
01876_lr-0.png,1
01877_lr-0.png,0
01878_lr-0.png,1
01879_lr-0.png,1
01880_lr-0.png,1
01881_lr-0.png,0
01882_lr-0.png,1
01883_lr-0.png,1
01884_lr-0.png,1
01885_lr-0.png,1
01886_lr-0.png,0
01887_lr-0.png,0
01888_lr-0.png,1
01889_lr-0.png,0
01890_lr-0.png,1
01891_lr-0.png,1
01892_lr-0.png,0
01893_lr-0.png,1
01894_lr-0.png,0
01895_lr-0.png,0
01896_lr-0.png,1
01897_lr-0.png,1
01898_lr-0.png,1
01899_lr-0.png,1
01900_lr-0.png,1
01901_lr-0.png,0
01902_lr-0.png,0
01903_lr-0.png,0
01904_lr-0.png,1
01905_lr-0.png,1
01906_lr-0.png,0
01907_lr-0.png,0
01908_lr-0.png,0
01909_lr-0.png,1
01910_lr-0.png,1
01911_lr-0.png,0
01912_lr-0.png,1
01913_lr-0.png,1
01914_lr-0.png,0
01915_lr-0.png,1
01916_lr-0.png,1
01917_lr-0.png,1
01918_lr-0.png,0
01919_lr-0.png,0
01920_lr-0.png,0
01921_lr-0.png,1
01922_lr-0.png,1
01923_lr-0.png,1
01924_lr-0.png,0
01925_lr-0.png,0
01926_lr-0.png,0
01927_lr-0.png,0
01928_lr-0.png,1
01929_lr-0.png,0
01930_lr-0.png,0
01931_lr-0.png,1
01932_lr-0.png,0
01933_lr-0.png,1
01934_lr-0.png,1
01935_lr-0.png,0
01936_lr-0.png,0
01937_lr-0.png,0
01938_lr-0.png,1
01939_lr-0.png,0
01940_lr-0.png,0
01941_lr-0.png,0
01942_lr-0.png,0
01943_lr-0.png,1
01944_lr-0.png,0
01945_lr-0.png,1
01946_lr-0.png,1
01947_lr-0.png,0
01948_lr-0.png,0
01949_lr-0.png,0
01950_lr-0.png,0
01951_lr-0.png,0
01952_lr-0.png,1
01953_lr-0.png,1
01954_lr-0.png,1
01955_lr-0.png,0
01956_lr-0.png,1
01957_lr-0.png,1
01958_lr-0.png,1
01959_lr-0.png,1
01960_lr-0.png,1
01961_lr-0.png,0
01962_lr-0.png,0
01963_lr-0.png,0
01964_lr-0.png,0
01965_lr-0.png,0
01966_lr-0.png,0
01967_lr-0.png,0
01968_lr-0.png,0
01969_lr-0.png,0
01970_lr-0.png,1
01971_lr-0.png,1
01972_lr-0.png,1
01973_lr-0.png,0
01974_lr-0.png,1
01975_lr-0.png,1
01976_lr-0.png,1
01977_lr-0.png,0
01978_lr-0.png,1
01979_lr-0.png,1
01980_lr-0.png,0
01981_lr-0.png,0
01982_lr-0.png,0
01983_lr-0.png,0
01984_lr-0.png,0
01985_lr-0.png,0
01986_lr-0.png,0
01987_lr-0.png,1
01988_lr-0.png,1
01989_lr-0.png,1
01990_lr-0.png,0
01991_lr-0.png,0
01992_lr-0.png,0
01993_lr-0.png,1
01994_lr-0.png,0
01995_lr-0.png,0
01996_lr-0.png,0
01997_lr-0.png,1
01998_lr-0.png,0
01999_lr-0.png,1
02000_lr-0.png,0
02001_lr-0.png,0
02002_lr-0.png,0
02003_lr-0.png,1
02004_lr-0.png,0
02005_lr-0.png,1
02006_lr-0.png,1
02007_lr-0.png,1
02008_lr-0.png,0
02009_lr-0.png,1
02010_lr-0.png,1
02011_lr-0.png,0
02012_lr-0.png,0
02013_lr-0.png,1
02014_lr-0.png,0
02015_lr-0.png,1
02016_lr-0.png,1
02017_lr-0.png,0
02018_lr-0.png,1
02019_lr-0.png,0
02020_lr-0.png,0
02021_lr-0.png,1
02022_lr-0.png,1
02023_lr-0.png,1
02024_lr-0.png,1
02025_lr-0.png,1
02026_lr-0.png,1
02027_lr-0.png,1
02028_lr-0.png,0
02029_lr-0.png,0
02030_lr-0.png,0
02031_lr-0.png,0
02032_lr-0.png,1
02033_lr-0.png,0
02034_lr-0.png,0
02035_lr-0.png,1
02036_lr-0.png,1
02037_lr-0.png,1
02038_lr-0.png,1
02039_lr-0.png,0
02040_lr-0.png,1
02041_lr-0.png,1
02042_lr-0.png,0
02043_lr-0.png,1
02044_lr-0.png,1
02045_lr-0.png,1
02046_lr-0.png,1
02047_lr-0.png,0
02048_lr-0.png,1
02049_lr-0.png,0
02050_lr-0.png,0
02051_lr-0.png,0
02052_lr-0.png,1
02053_lr-0.png,1
02054_lr-0.png,0
02055_lr-0.png,0
02056_lr-0.png,1
02057_lr-0.png,1
02058_lr-0.png,1
02059_lr-0.png,1
02060_lr-0.png,0
02061_lr-0.png,1
02062_lr-0.png,0
02063_lr-0.png,1
02064_lr-0.png,0
02065_lr-0.png,1
02066_lr-0.png,0
02067_lr-0.png,1
02068_lr-0.png,1
02069_lr-0.png,1
02070_lr-0.png,0
02071_lr-0.png,1
02072_lr-0.png,1
02073_lr-0.png,0
02074_lr-0.png,0
02075_lr-0.png,1
02076_lr-0.png,0
02077_lr-0.png,1
02078_lr-0.png,1
02079_lr-0.png,1
02080_lr-0.png,0
02081_lr-0.png,1
02082_lr-0.png,0
02083_lr-0.png,1
02084_lr-0.png,1
02085_lr-0.png,1
02086_lr-0.png,1
02087_lr-0.png,1
02088_lr-0.png,0
02089_lr-0.png,1
02090_lr-0.png,0
02091_lr-0.png,1
02092_lr-0.png,0
02093_lr-0.png,0
02094_lr-0.png,0
02095_lr-0.png,1
02096_lr-0.png,0
02097_lr-0.png,1
02098_lr-0.png,1
02099_lr-0.png,0
02100_lr-0.png,1
02101_lr-0.png,0
02102_lr-0.png,1
02103_lr-0.png,0
02104_lr-0.png,0
02105_lr-0.png,1
02106_lr-0.png,0
02107_lr-0.png,1
02108_lr-0.png,0
02109_lr-0.png,0
02110_lr-0.png,0
02111_lr-0.png,0
02112_lr-0.png,0
02113_lr-0.png,0
02114_lr-0.png,0
02115_lr-0.png,1
02116_lr-0.png,1
02117_lr-0.png,1
02118_lr-0.png,0
02119_lr-0.png,0
02120_lr-0.png,0
02121_lr-0.png,0
02122_lr-0.png,1
02123_lr-0.png,0
02124_lr-0.png,0
02125_lr-0.png,0
02126_lr-0.png,1
02127_lr-0.png,1
02128_lr-0.png,1
02129_lr-0.png,1
02130_lr-0.png,1
02131_lr-0.png,0
02132_lr-0.png,1
02133_lr-0.png,1
02134_lr-0.png,0
02135_lr-0.png,0
02136_lr-0.png,0
02137_lr-0.png,1
02138_lr-0.png,1
02139_lr-0.png,1
02140_lr-0.png,1
02141_lr-0.png,1
02142_lr-0.png,0
02143_lr-0.png,1
02144_lr-0.png,1
02145_lr-0.png,0
02146_lr-0.png,0
02147_lr-0.png,0
02148_lr-0.png,0
02149_lr-0.png,1
02150_lr-0.png,0
02151_lr-0.png,0
02152_lr-0.png,1
02153_lr-0.png,0
02154_lr-0.png,1
02155_lr-0.png,0
02156_lr-0.png,0
02157_lr-0.png,0
02158_lr-0.png,1
02159_lr-0.png,1
02160_lr-0.png,0
02161_lr-0.png,1
02162_lr-0.png,1
02163_lr-0.png,1
02164_lr-0.png,0
02165_lr-0.png,0
02166_lr-0.png,1
02167_lr-0.png,1
02168_lr-0.png,1
02169_lr-0.png,0
02170_lr-0.png,0
02171_lr-0.png,1
02172_lr-0.png,1
02173_lr-0.png,1
02174_lr-0.png,0
02175_lr-0.png,0
02176_lr-0.png,0
02177_lr-0.png,0
02178_lr-0.png,1
02179_lr-0.png,0
02180_lr-0.png,0
02181_lr-0.png,1
02182_lr-0.png,1
02183_lr-0.png,1
02184_lr-0.png,0
02185_lr-0.png,1
02186_lr-0.png,1
02187_lr-0.png,1
02188_lr-0.png,0
02189_lr-0.png,1
02190_lr-0.png,1
02191_lr-0.png,1
02192_lr-0.png,1
02193_lr-0.png,1
02194_lr-0.png,1
02195_lr-0.png,1
02196_lr-0.png,1
02197_lr-0.png,0
02198_lr-0.png,1
02199_lr-0.png,1
02200_lr-0.png,0
02201_lr-0.png,0
02202_lr-0.png,0
02203_lr-0.png,1
02204_lr-0.png,1
02205_lr-0.png,0
02206_lr-0.png,0
02207_lr-0.png,0
02208_lr-0.png,0
02209_lr-0.png,1
02210_lr-0.png,0
02211_lr-0.png,1
02212_lr-0.png,1
02213_lr-0.png,0
02214_lr-0.png,1
02215_lr-0.png,1
02216_lr-0.png,1
02217_lr-0.png,1
02218_lr-0.png,0
02219_lr-0.png,0
02220_lr-0.png,0
02221_lr-0.png,0
02222_lr-0.png,0
02223_lr-0.png,0
02224_lr-0.png,1
02225_lr-0.png,0
02226_lr-0.png,1
02227_lr-0.png,0
02228_lr-0.png,0
02229_lr-0.png,0
02230_lr-0.png,1
02231_lr-0.png,1
02232_lr-0.png,1
02233_lr-0.png,0
02234_lr-0.png,0
02235_lr-0.png,0
02236_lr-0.png,0
02237_lr-0.png,1
02238_lr-0.png,1
02239_lr-0.png,0
02240_lr-0.png,0
02241_lr-0.png,1
02242_lr-0.png,1
02243_lr-0.png,0
02244_lr-0.png,0
02245_lr-0.png,0
02246_lr-0.png,0
02247_lr-0.png,0
02248_lr-0.png,1
02249_lr-0.png,1
02250_lr-0.png,1
02251_lr-0.png,1
02252_lr-0.png,0
02253_lr-0.png,0
02254_lr-0.png,1
02255_lr-0.png,1
02256_lr-0.png,0
02257_lr-0.png,0
02258_lr-0.png,0
02259_lr-0.png,1
02260_lr-0.png,0
02261_lr-0.png,1
02262_lr-0.png,0
02263_lr-0.png,1
02264_lr-0.png,1
02265_lr-0.png,1
02266_lr-0.png,1
02267_lr-0.png,1
02268_lr-0.png,1
02269_lr-0.png,0
02270_lr-0.png,1
02271_lr-0.png,0
02272_lr-0.png,1
02273_lr-0.png,0
02274_lr-0.png,1
02275_lr-0.png,0
02276_lr-0.png,0
02277_lr-0.png,1
02278_lr-0.png,1
02279_lr-0.png,0
02280_lr-0.png,1
02281_lr-0.png,0
02282_lr-0.png,1
02283_lr-0.png,1
02284_lr-0.png,1
02285_lr-0.png,0
02286_lr-0.png,1
02287_lr-0.png,1
02288_lr-0.png,0
02289_lr-0.png,0
02290_lr-0.png,0
02291_lr-0.png,0
02292_lr-0.png,1
02293_lr-0.png,0
02294_lr-0.png,1
02295_lr-0.png,1
02296_lr-0.png,1
02297_lr-0.png,0
02298_lr-0.png,1
02299_lr-0.png,1
02300_lr-0.png,0
02301_lr-0.png,1
02302_lr-0.png,1
02303_lr-0.png,1
02304_lr-0.png,0
02305_lr-0.png,1
02306_lr-0.png,1
02307_lr-0.png,1
02308_lr-0.png,1
02309_lr-0.png,1
02310_lr-0.png,1
02311_lr-0.png,0
02312_lr-0.png,1
02313_lr-0.png,1
02314_lr-0.png,1
02315_lr-0.png,1
02316_lr-0.png,1
02317_lr-0.png,0
02318_lr-0.png,1
02319_lr-0.png,1
02320_lr-0.png,1
02321_lr-0.png,1
02322_lr-0.png,0
02323_lr-0.png,0
02324_lr-0.png,0
02325_lr-0.png,1
02326_lr-0.png,1
02327_lr-0.png,1
02328_lr-0.png,1
02329_lr-0.png,1
02330_lr-0.png,0
02331_lr-0.png,1
02332_lr-0.png,1
02333_lr-0.png,0
02334_lr-0.png,0
02335_lr-0.png,0
02336_lr-0.png,0
02337_lr-0.png,1
02338_lr-0.png,1
02339_lr-0.png,1
02340_lr-0.png,0
02341_lr-0.png,1
02342_lr-0.png,1
02343_lr-0.png,1
02344_lr-0.png,1
02345_lr-0.png,0
02346_lr-0.png,1
02347_lr-0.png,1
02348_lr-0.png,1
02349_lr-0.png,0
02350_lr-0.png,1
02351_lr-0.png,1
02352_lr-0.png,1
02353_lr-0.png,0
02354_lr-0.png,1
02355_lr-0.png,1
02356_lr-0.png,1
02357_lr-0.png,1
02358_lr-0.png,1
02359_lr-0.png,0
02360_lr-0.png,1
02361_lr-0.png,1
02362_lr-0.png,0
02363_lr-0.png,0
02364_lr-0.png,1
02365_lr-0.png,0
02366_lr-0.png,0
02367_lr-0.png,1
02368_lr-0.png,1
02369_lr-0.png,1
02370_lr-0.png,0
02371_lr-0.png,0
02372_lr-0.png,1
02373_lr-0.png,1
02374_lr-0.png,1
02375_lr-0.png,0
02376_lr-0.png,1
02377_lr-0.png,1
02378_lr-0.png,0
02379_lr-0.png,1
02380_lr-0.png,1
02381_lr-0.png,0
02382_lr-0.png,1
02383_lr-0.png,1
02384_lr-0.png,1
02385_lr-0.png,1
02386_lr-0.png,1
02387_lr-0.png,1
02388_lr-0.png,1
02389_lr-0.png,1
02390_lr-0.png,0
02391_lr-0.png,1
02392_lr-0.png,0
02393_lr-0.png,1
02394_lr-0.png,1
02395_lr-0.png,1
02396_lr-0.png,1
02397_lr-0.png,0
02398_lr-0.png,1
02399_lr-0.png,1
02400_lr-0.png,1
02401_lr-0.png,0
02402_lr-0.png,0
02403_lr-0.png,0
02404_lr-0.png,1
02405_lr-0.png,1
02406_lr-0.png,0
02407_lr-0.png,1
02408_lr-0.png,1
02409_lr-0.png,0
02410_lr-0.png,0
02411_lr-0.png,0
02412_lr-0.png,0
02413_lr-0.png,1
02414_lr-0.png,1
02415_lr-0.png,0
02416_lr-0.png,1
02417_lr-0.png,0
02418_lr-0.png,1
02419_lr-0.png,0
02420_lr-0.png,1
02421_lr-0.png,1
02422_lr-0.png,0
02423_lr-0.png,1
02424_lr-0.png,1
02425_lr-0.png,0
02426_lr-0.png,0
02427_lr-0.png,1
02428_lr-0.png,0
02429_lr-0.png,1
02430_lr-0.png,0
02431_lr-0.png,1
02432_lr-0.png,1
02433_lr-0.png,0
02434_lr-0.png,0
02435_lr-0.png,1
02436_lr-0.png,1
02437_lr-0.png,1
02438_lr-0.png,1
02439_lr-0.png,1
02440_lr-0.png,1
02441_lr-0.png,1
02442_lr-0.png,1
02443_lr-0.png,0
02444_lr-0.png,1
02445_lr-0.png,1
02446_lr-0.png,0
02447_lr-0.png,1
02448_lr-0.png,0
02449_lr-0.png,1
02450_lr-0.png,0
02451_lr-0.png,0
02452_lr-0.png,1
02453_lr-0.png,0
02454_lr-0.png,0
02455_lr-0.png,1
02456_lr-0.png,1
02457_lr-0.png,0
02458_lr-0.png,0
02459_lr-0.png,0
02460_lr-0.png,1
02461_lr-0.png,1
02462_lr-0.png,1
02463_lr-0.png,1
02464_lr-0.png,1
02465_lr-0.png,1
02466_lr-0.png,0
02467_lr-0.png,1
02468_lr-0.png,0
02469_lr-0.png,0
02470_lr-0.png,0
02471_lr-0.png,0
02472_lr-0.png,1
02473_lr-0.png,0
02474_lr-0.png,1
02475_lr-0.png,1
02476_lr-0.png,1
02477_lr-0.png,1
02478_lr-0.png,1
02479_lr-0.png,1
02480_lr-0.png,1
02481_lr-0.png,1
02482_lr-0.png,1
02483_lr-0.png,1
02484_lr-0.png,0
02485_lr-0.png,0
02486_lr-0.png,0
02487_lr-0.png,0
02488_lr-0.png,1
02489_lr-0.png,1
02490_lr-0.png,0
02491_lr-0.png,0
02492_lr-0.png,0
02493_lr-0.png,0
02494_lr-0.png,0
02495_lr-0.png,0
02496_lr-0.png,1
02497_lr-0.png,0
02498_lr-0.png,1
02499_lr-0.png,1
02500_lr-0.png,1
02501_lr-0.png,1
02502_lr-0.png,1
02503_lr-0.png,0
02504_lr-0.png,0
02505_lr-0.png,0
02507_lr-0.png,1
02508_lr-0.png,1
02509_lr-0.png,0
02510_lr-0.png,0
02512_lr-0.png,0
02513_lr-0.png,0
02514_lr-0.png,1
02515_lr-0.png,0
02516_lr-0.png,0
02517_lr-0.png,0
02518_lr-0.png,1
02519_lr-0.png,1
02520_lr-0.png,0
02521_lr-0.png,0
02522_lr-0.png,1
02523_lr-0.png,1
02524_lr-0.png,1
02525_lr-0.png,0
02526_lr-0.png,0
02527_lr-0.png,0
02528_lr-0.png,1
02529_lr-0.png,1
02530_lr-0.png,0
02531_lr-0.png,0
02532_lr-0.png,0
02533_lr-0.png,1
02534_lr-0.png,0
02535_lr-0.png,0
02536_lr-0.png,0
02537_lr-0.png,1
02538_lr-0.png,0
02539_lr-0.png,0
02540_lr-0.png,1
02541_lr-0.png,0
02542_lr-0.png,1
02543_lr-0.png,0
02544_lr-0.png,0
02545_lr-0.png,1
02546_lr-0.png,1
02547_lr-0.png,1
02548_lr-0.png,1
02549_lr-0.png,0
02550_lr-0.png,1
02551_lr-0.png,1
02552_lr-0.png,0
02553_lr-0.png,1
02554_lr-0.png,1
02555_lr-0.png,0
02556_lr-0.png,0
02557_lr-0.png,1
02558_lr-0.png,1
02559_lr-0.png,1
02560_lr-0.png,1
02561_lr-0.png,0
02562_lr-0.png,0
02563_lr-0.png,0
02564_lr-0.png,0
02565_lr-0.png,0
02566_lr-0.png,1
02567_lr-0.png,0
02568_lr-0.png,0
02569_lr-0.png,0
02570_lr-0.png,1
02571_lr-0.png,0
02572_lr-0.png,0
02573_lr-0.png,1
02574_lr-0.png,1
02575_lr-0.png,1
02576_lr-0.png,0
02577_lr-0.png,1
02578_lr-0.png,1
02579_lr-0.png,1
02580_lr-0.png,1
02581_lr-0.png,0
02582_lr-0.png,0
02583_lr-0.png,0
02584_lr-0.png,1
02585_lr-0.png,0
02586_lr-0.png,0
02587_lr-0.png,0
02588_lr-0.png,0
02589_lr-0.png,1
02590_lr-0.png,0
02591_lr-0.png,0
02592_lr-0.png,0
02593_lr-0.png,1
02594_lr-0.png,1
02595_lr-0.png,1
02596_lr-0.png,1
02597_lr-0.png,1
02598_lr-0.png,0
02599_lr-0.png,0
02600_lr-0.png,0
02601_lr-0.png,1
02602_lr-0.png,0
02603_lr-0.png,1
02604_lr-0.png,1
02605_lr-0.png,0
02606_lr-0.png,0
02607_lr-0.png,1
02608_lr-0.png,1
02609_lr-0.png,1
02610_lr-0.png,0
02611_lr-0.png,1
02612_lr-0.png,0
02613_lr-0.png,1
02614_lr-0.png,0
02615_lr-0.png,0
02616_lr-0.png,1
02617_lr-0.png,1
02618_lr-0.png,1
02619_lr-0.png,1
02620_lr-0.png,0
02621_lr-0.png,0
02622_lr-0.png,1
02623_lr-0.png,0
02624_lr-0.png,0
02625_lr-0.png,1
02626_lr-0.png,0
02627_lr-0.png,0
02628_lr-0.png,1
02629_lr-0.png,1
02630_lr-0.png,1
02631_lr-0.png,1
02632_lr-0.png,1
02633_lr-0.png,0
02634_lr-0.png,1
02635_lr-0.png,1
02636_lr-0.png,1
02637_lr-0.png,1
02638_lr-0.png,1
02639_lr-0.png,1
02640_lr-0.png,1
02641_lr-0.png,1
02642_lr-0.png,0
02643_lr-0.png,1
02644_lr-0.png,1
02645_lr-0.png,1
02646_lr-0.png,1
02647_lr-0.png,1
02648_lr-0.png,0
02649_lr-0.png,1
02650_lr-0.png,0
02651_lr-0.png,1
02652_lr-0.png,1
02653_lr-0.png,0
02654_lr-0.png,0
02655_lr-0.png,0
02656_lr-0.png,0
02657_lr-0.png,0
02658_lr-0.png,0
02659_lr-0.png,1
02660_lr-0.png,1
02661_lr-0.png,1
02662_lr-0.png,1
02663_lr-0.png,1
02664_lr-0.png,0
02665_lr-0.png,1
02666_lr-0.png,0
02667_lr-0.png,0
02668_lr-0.png,0
02669_lr-0.png,0
02670_lr-0.png,1
02671_lr-0.png,0
02672_lr-0.png,0
02673_lr-0.png,1
02674_lr-0.png,1
02675_lr-0.png,0
02676_lr-0.png,0
02677_lr-0.png,0
02678_lr-0.png,1
02679_lr-0.png,1
02680_lr-0.png,1
02681_lr-0.png,0
02682_lr-0.png,1
02683_lr-0.png,0
02684_lr-0.png,0
02685_lr-0.png,1
02686_lr-0.png,1
02687_lr-0.png,1
02688_lr-0.png,1
02689_lr-0.png,1
02690_lr-0.png,0
02691_lr-0.png,0
02692_lr-0.png,0
02693_lr-0.png,0
02694_lr-0.png,1
02695_lr-0.png,1
02696_lr-0.png,0
02697_lr-0.png,1
02698_lr-0.png,1
02699_lr-0.png,1
02700_lr-0.png,1
02701_lr-0.png,1
02702_lr-0.png,1
02703_lr-0.png,1
02704_lr-0.png,0
02705_lr-0.png,0
02706_lr-0.png,0
02707_lr-0.png,0
02708_lr-0.png,1
02709_lr-0.png,0
02710_lr-0.png,1
02711_lr-0.png,1
02712_lr-0.png,1
02713_lr-0.png,1
02714_lr-0.png,0
02715_lr-0.png,1
02716_lr-0.png,0
02717_lr-0.png,0
02718_lr-0.png,0
02719_lr-0.png,0
02720_lr-0.png,0
02721_lr-0.png,1
02722_lr-0.png,0
02723_lr-0.png,1
02724_lr-0.png,0
02725_lr-0.png,0
02726_lr-0.png,1
02727_lr-0.png,0
02728_lr-0.png,1
02729_lr-0.png,1
02730_lr-0.png,0
02731_lr-0.png,0
02732_lr-0.png,1
02733_lr-0.png,1
02734_lr-0.png,0
02735_lr-0.png,0
02736_lr-0.png,0
02737_lr-0.png,1
02738_lr-0.png,1
02739_lr-0.png,0
02740_lr-0.png,0
02741_lr-0.png,0
02742_lr-0.png,0
02743_lr-0.png,0
02744_lr-0.png,0
02745_lr-0.png,0
02746_lr-0.png,0
02747_lr-0.png,0
02748_lr-0.png,0
02749_lr-0.png,0
02750_lr-0.png,0
02751_lr-0.png,0
02752_lr-0.png,1
02753_lr-0.png,1
02754_lr-0.png,0
02755_lr-0.png,1
02756_lr-0.png,1
02757_lr-0.png,1
02758_lr-0.png,0
02759_lr-0.png,1
02760_lr-0.png,0
02761_lr-0.png,0
02762_lr-0.png,0
02763_lr-0.png,0
02764_lr-0.png,1
02765_lr-0.png,1
02766_lr-0.png,1
02767_lr-0.png,1
02768_lr-0.png,1
02769_lr-0.png,0
02770_lr-0.png,1
02771_lr-0.png,1
02772_lr-0.png,0
02773_lr-0.png,1
02774_lr-0.png,1
02775_lr-0.png,1
02776_lr-0.png,0
02777_lr-0.png,1
02778_lr-0.png,0
02779_lr-0.png,1
02780_lr-0.png,1
02781_lr-0.png,1
02782_lr-0.png,0
02783_lr-0.png,1
02784_lr-0.png,1
02785_lr-0.png,1
02786_lr-0.png,1
02787_lr-0.png,0
02788_lr-0.png,0
02789_lr-0.png,1
02790_lr-0.png,1
02791_lr-0.png,1
02792_lr-0.png,0
02793_lr-0.png,0
02794_lr-0.png,1
02795_lr-0.png,0
02796_lr-0.png,1
02797_lr-0.png,0
02798_lr-0.png,0
02799_lr-0.png,1
02800_lr-0.png,0
02801_lr-0.png,1
02802_lr-0.png,0
02803_lr-0.png,1
02804_lr-0.png,0
02805_lr-0.png,0
02806_lr-0.png,1
02807_lr-0.png,0
02808_lr-0.png,0
02809_lr-0.png,0
02810_lr-0.png,0
02811_lr-0.png,1
02812_lr-0.png,1
02813_lr-0.png,1
02814_lr-0.png,0
02815_lr-0.png,0
02816_lr-0.png,1
02817_lr-0.png,0
02818_lr-0.png,0
02819_lr-0.png,1
02820_lr-0.png,1
02821_lr-0.png,1
02822_lr-0.png,1
02823_lr-0.png,0
02824_lr-0.png,0
02825_lr-0.png,0
02826_lr-0.png,1
02827_lr-0.png,1
02828_lr-0.png,0
02829_lr-0.png,1
02830_lr-0.png,1
02831_lr-0.png,1
02832_lr-0.png,1
02833_lr-0.png,0
02834_lr-0.png,1
02835_lr-0.png,1
02836_lr-0.png,0
02837_lr-0.png,1
02838_lr-0.png,1
02839_lr-0.png,1
02840_lr-0.png,0
02841_lr-0.png,1
02842_lr-0.png,1
02843_lr-0.png,0
02844_lr-0.png,0
02845_lr-0.png,1
02846_lr-0.png,0
02847_lr-0.png,1
02848_lr-0.png,1
02849_lr-0.png,1
02850_lr-0.png,0
02851_lr-0.png,1
02852_lr-0.png,1
02853_lr-0.png,1
02854_lr-0.png,1
02855_lr-0.png,1
02856_lr-0.png,0
02857_lr-0.png,1
02858_lr-0.png,0
02859_lr-0.png,0
02860_lr-0.png,1
02861_lr-0.png,1
02862_lr-0.png,0
02863_lr-0.png,0
02864_lr-0.png,1
02865_lr-0.png,0
02866_lr-0.png,1
02867_lr-0.png,0
02868_lr-0.png,0
02869_lr-0.png,0
02870_lr-0.png,1
02871_lr-0.png,1
02872_lr-0.png,0
02873_lr-0.png,1
02874_lr-0.png,0
02875_lr-0.png,1
02876_lr-0.png,0
02877_lr-0.png,1
02878_lr-0.png,0
02879_lr-0.png,0
02880_lr-0.png,1
02881_lr-0.png,1
02882_lr-0.png,0
02883_lr-0.png,1
02884_lr-0.png,1
02885_lr-0.png,0
02886_lr-0.png,0
02887_lr-0.png,0
02888_lr-0.png,1
02889_lr-0.png,0
02890_lr-0.png,1
02891_lr-0.png,0
02892_lr-0.png,1
02893_lr-0.png,0
02894_lr-0.png,0
02895_lr-0.png,0
02896_lr-0.png,0
02897_lr-0.png,1
02898_lr-0.png,1
02899_lr-0.png,0
02900_lr-0.png,0
02901_lr-0.png,0
02902_lr-0.png,0
02903_lr-0.png,1
02904_lr-0.png,1
02905_lr-0.png,1
02906_lr-0.png,0
02907_lr-0.png,1
02908_lr-0.png,0
02909_lr-0.png,1
02910_lr-0.png,1
02911_lr-0.png,0
02912_lr-0.png,1
02913_lr-0.png,1
02914_lr-0.png,1
02915_lr-0.png,1
02916_lr-0.png,1
02917_lr-0.png,1
02918_lr-0.png,0
02919_lr-0.png,0
02920_lr-0.png,1
02921_lr-0.png,1
02922_lr-0.png,0
02923_lr-0.png,1
02924_lr-0.png,0
02925_lr-0.png,0
02926_lr-0.png,1
02927_lr-0.png,0
02928_lr-0.png,1
02929_lr-0.png,1
02930_lr-0.png,1
02931_lr-0.png,1
02932_lr-0.png,1
02933_lr-0.png,1
02934_lr-0.png,1
02935_lr-0.png,1
02936_lr-0.png,1
02937_lr-0.png,0
02938_lr-0.png,0
02939_lr-0.png,1
02940_lr-0.png,0
02941_lr-0.png,1
02942_lr-0.png,1
02943_lr-0.png,1
02944_lr-0.png,1
02945_lr-0.png,1
02946_lr-0.png,1
02947_lr-0.png,0
02948_lr-0.png,0
02949_lr-0.png,0
02950_lr-0.png,1
02951_lr-0.png,1
02952_lr-0.png,0
02953_lr-0.png,1
02954_lr-0.png,1
02955_lr-0.png,1
02956_lr-0.png,0
02957_lr-0.png,0
02958_lr-0.png,1
02959_lr-0.png,0
02960_lr-0.png,0
02961_lr-0.png,1
02962_lr-0.png,0
02963_lr-0.png,1
02964_lr-0.png,0
02965_lr-0.png,1
02966_lr-0.png,1
02967_lr-0.png,0
02968_lr-0.png,1
02969_lr-0.png,1
02970_lr-0.png,0
02971_lr-0.png,0
02972_lr-0.png,1
02973_lr-0.png,1
02974_lr-0.png,0
02975_lr-0.png,1
02976_lr-0.png,1
02977_lr-0.png,1
02978_lr-0.png,1
02979_lr-0.png,1
02980_lr-0.png,1
02981_lr-0.png,1
02982_lr-0.png,1
02983_lr-0.png,0
02984_lr-0.png,1
02985_lr-0.png,0
02986_lr-0.png,1
02987_lr-0.png,1
02988_lr-0.png,0
02989_lr-0.png,0
02990_lr-0.png,0
02991_lr-0.png,1
02992_lr-0.png,0
02993_lr-0.png,0
02994_lr-0.png,0
02995_lr-0.png,1
02996_lr-0.png,1
02997_lr-0.png,0
02998_lr-0.png,1
02999_lr-0.png,0
03000_lr-0.png,0
03001_lr-0.png,0
03002_lr-0.png,1
03003_lr-0.png,1
03004_lr-0.png,1
03005_lr-0.png,1
03006_lr-0.png,0
03007_lr-0.png,1
03008_lr-0.png,1
03009_lr-0.png,0
03010_lr-0.png,0
03011_lr-0.png,1
03012_lr-0.png,1
03013_lr-0.png,1
03014_lr-0.png,1
03015_lr-0.png,1
03016_lr-0.png,0
03017_lr-0.png,1
03018_lr-0.png,0
03019_lr-0.png,0
03020_lr-0.png,1
03021_lr-0.png,0
03022_lr-0.png,1
03023_lr-0.png,1
03024_lr-0.png,1
03025_lr-0.png,0
03026_lr-0.png,1
03027_lr-0.png,1
03028_lr-0.png,0
03029_lr-0.png,0
03030_lr-0.png,1
03031_lr-0.png,0
03032_lr-0.png,1
03033_lr-0.png,0
03034_lr-0.png,1
03035_lr-0.png,1
03036_lr-0.png,1
03037_lr-0.png,0
03038_lr-0.png,0
03039_lr-0.png,0
03040_lr-0.png,0
03041_lr-0.png,0
03042_lr-0.png,1
03043_lr-0.png,1
03044_lr-0.png,0
03045_lr-0.png,0
03046_lr-0.png,1
03047_lr-0.png,0
03048_lr-0.png,1
03049_lr-0.png,1
03050_lr-0.png,0
03051_lr-0.png,0
03052_lr-0.png,0
03053_lr-0.png,1
03054_lr-0.png,1
03055_lr-0.png,0
03056_lr-0.png,1
03057_lr-0.png,0
03058_lr-0.png,0
03059_lr-0.png,0
03060_lr-0.png,1
03061_lr-0.png,0
03062_lr-0.png,1
03063_lr-0.png,0
03064_lr-0.png,1
03065_lr-0.png,1
03066_lr-0.png,0
03067_lr-0.png,1
03068_lr-0.png,1
03069_lr-0.png,0
03070_lr-0.png,0
03071_lr-0.png,1
03072_lr-0.png,1
03073_lr-0.png,1
03074_lr-0.png,0
03075_lr-0.png,0
03076_lr-0.png,0
03077_lr-0.png,0
03078_lr-0.png,0
03079_lr-0.png,1
03080_lr-0.png,1
03081_lr-0.png,1
03082_lr-0.png,1
03083_lr-0.png,1
03084_lr-0.png,0
03085_lr-0.png,0
03086_lr-0.png,1
03087_lr-0.png,0
03088_lr-0.png,1
03089_lr-0.png,1
03090_lr-0.png,1
03091_lr-0.png,1
03092_lr-0.png,0
03093_lr-0.png,1
03094_lr-0.png,1
03095_lr-0.png,1
03096_lr-0.png,0
03097_lr-0.png,0
03098_lr-0.png,1
03099_lr-0.png,0
03100_lr-0.png,0
03101_lr-0.png,0
03102_lr-0.png,1
03103_lr-0.png,1
03104_lr-0.png,1
03105_lr-0.png,1
03106_lr-0.png,0
03107_lr-0.png,0
03108_lr-0.png,1
03109_lr-0.png,0
03110_lr-0.png,1
03111_lr-0.png,1
03112_lr-0.png,1
03113_lr-0.png,0
03114_lr-0.png,1
03115_lr-0.png,1
03116_lr-0.png,0
03117_lr-0.png,0
03118_lr-0.png,1
03119_lr-0.png,1
03120_lr-0.png,0
03121_lr-0.png,1
03122_lr-0.png,0
03123_lr-0.png,0
03124_lr-0.png,1
03125_lr-0.png,0
03126_lr-0.png,0
03127_lr-0.png,0
03128_lr-0.png,1
03129_lr-0.png,0
03130_lr-0.png,1
03131_lr-0.png,0
03132_lr-0.png,1
03133_lr-0.png,0
03134_lr-0.png,0
03135_lr-0.png,0
03136_lr-0.png,1
03137_lr-0.png,1
03138_lr-0.png,1
03139_lr-0.png,0
03140_lr-0.png,1
03141_lr-0.png,1
03142_lr-0.png,0
03143_lr-0.png,1
03144_lr-0.png,0
03145_lr-0.png,0
03146_lr-0.png,1
03147_lr-0.png,0
03148_lr-0.png,1
03149_lr-0.png,1
03150_lr-0.png,0
03151_lr-0.png,1
03152_lr-0.png,1
03153_lr-0.png,1
03154_lr-0.png,0
03155_lr-0.png,0
03156_lr-0.png,1
03157_lr-0.png,1
03158_lr-0.png,1
03159_lr-0.png,1
03160_lr-0.png,0
03161_lr-0.png,0
03162_lr-0.png,1
03163_lr-0.png,1
03164_lr-0.png,1
03165_lr-0.png,1
03166_lr-0.png,0
03167_lr-0.png,1
03168_lr-0.png,1
03169_lr-0.png,1
03170_lr-0.png,1
03171_lr-0.png,0
03172_lr-0.png,0
03173_lr-0.png,0
03174_lr-0.png,1
03175_lr-0.png,0
03176_lr-0.png,0
03177_lr-0.png,0
03178_lr-0.png,0
03179_lr-0.png,1
03180_lr-0.png,0
03181_lr-0.png,0
03182_lr-0.png,1
03183_lr-0.png,1
03184_lr-0.png,1
03185_lr-0.png,0
03186_lr-0.png,1
03187_lr-0.png,1
03188_lr-0.png,0
03189_lr-0.png,1
03190_lr-0.png,1
03191_lr-0.png,0
03192_lr-0.png,1
03193_lr-0.png,0
03194_lr-0.png,1
03195_lr-0.png,0
03196_lr-0.png,0
03197_lr-0.png,1
03198_lr-0.png,1
03199_lr-0.png,0
03200_lr-0.png,1
03201_lr-0.png,0
03202_lr-0.png,0
03203_lr-0.png,1
03204_lr-0.png,0
03205_lr-0.png,0
03206_lr-0.png,0
03207_lr-0.png,1
03208_lr-0.png,0
03209_lr-0.png,0
03210_lr-0.png,0
03211_lr-0.png,0
03212_lr-0.png,1
03213_lr-0.png,0
03214_lr-0.png,1
03215_lr-0.png,0
03216_lr-0.png,0
03217_lr-0.png,0
03218_lr-0.png,0
03219_lr-0.png,0
03220_lr-0.png,0
03221_lr-0.png,1
03222_lr-0.png,0
03223_lr-0.png,0
03224_lr-0.png,0
03225_lr-0.png,0
03226_lr-0.png,1
03227_lr-0.png,1
03228_lr-0.png,1
03229_lr-0.png,1
03230_lr-0.png,0
03231_lr-0.png,0
03232_lr-0.png,1
03233_lr-0.png,1
03234_lr-0.png,0
03235_lr-0.png,1
03236_lr-0.png,1
03237_lr-0.png,1
03238_lr-0.png,0
03239_lr-0.png,1
03240_lr-0.png,0
03241_lr-0.png,0
03242_lr-0.png,0
03243_lr-0.png,0
03244_lr-0.png,0
03245_lr-0.png,1
03246_lr-0.png,0
03247_lr-0.png,0
03248_lr-0.png,1
03249_lr-0.png,0
03250_lr-0.png,0
03251_lr-0.png,0
03252_lr-0.png,0
03253_lr-0.png,1
03254_lr-0.png,1
03255_lr-0.png,1
03256_lr-0.png,1
03257_lr-0.png,1
03258_lr-0.png,0
03259_lr-0.png,1
03260_lr-0.png,0
03261_lr-0.png,1
03262_lr-0.png,0
03263_lr-0.png,1
03264_lr-0.png,1
03265_lr-0.png,0
03266_lr-0.png,0
03267_lr-0.png,0
03268_lr-0.png,0
03269_lr-0.png,0
03270_lr-0.png,0
03271_lr-0.png,1
03272_lr-0.png,0
03273_lr-0.png,1
03274_lr-0.png,1
03275_lr-0.png,0
03276_lr-0.png,0
03277_lr-0.png,1
03278_lr-0.png,0
03279_lr-0.png,1
03280_lr-0.png,1
03281_lr-0.png,0
03282_lr-0.png,0
03283_lr-0.png,1
03284_lr-0.png,1
03285_lr-0.png,0
03286_lr-0.png,1
03287_lr-0.png,1
03288_lr-0.png,1
03289_lr-0.png,0
03290_lr-0.png,0
03291_lr-0.png,0
03292_lr-0.png,1
03293_lr-0.png,0
03294_lr-0.png,0
03295_lr-0.png,0
03296_lr-0.png,1
03297_lr-0.png,1
03298_lr-0.png,1
03299_lr-0.png,1
03300_lr-0.png,1
03301_lr-0.png,1
03302_lr-0.png,0
03303_lr-0.png,1
03304_lr-0.png,0
03305_lr-0.png,1
03306_lr-0.png,0
03307_lr-0.png,0
03308_lr-0.png,1
03309_lr-0.png,0
03310_lr-0.png,0
03311_lr-0.png,0
03312_lr-0.png,1
03313_lr-0.png,1
03314_lr-0.png,0
03315_lr-0.png,0
03316_lr-0.png,0
03317_lr-0.png,0
03318_lr-0.png,0
03319_lr-0.png,0
03320_lr-0.png,1
03321_lr-0.png,0
03322_lr-0.png,0
03323_lr-0.png,1
03324_lr-0.png,0
03325_lr-0.png,0
03326_lr-0.png,0
03327_lr-0.png,1
03328_lr-0.png,1
03329_lr-0.png,0
03330_lr-0.png,1
03331_lr-0.png,1
03332_lr-0.png,1
03333_lr-0.png,1
03334_lr-0.png,1
03335_lr-0.png,1
03336_lr-0.png,0
03337_lr-0.png,0
03338_lr-0.png,0
03339_lr-0.png,0
03340_lr-0.png,0
03341_lr-0.png,0
03342_lr-0.png,0
03343_lr-0.png,1
03344_lr-0.png,0
03345_lr-0.png,1
03346_lr-0.png,0
03347_lr-0.png,1
03348_lr-0.png,1
03349_lr-0.png,0
03350_lr-0.png,1
03351_lr-0.png,1
03352_lr-0.png,1
03353_lr-0.png,0
03354_lr-0.png,0
03355_lr-0.png,1
03356_lr-0.png,0
03357_lr-0.png,1
03358_lr-0.png,1
03359_lr-0.png,0
03360_lr-0.png,1
03361_lr-0.png,1
03362_lr-0.png,0
03363_lr-0.png,0
03364_lr-0.png,1
03365_lr-0.png,1
03366_lr-0.png,1
03367_lr-0.png,1
03368_lr-0.png,0
03369_lr-0.png,1
03370_lr-0.png,1
03371_lr-0.png,0
03372_lr-0.png,1
03373_lr-0.png,1
03374_lr-0.png,1
03375_lr-0.png,0
03376_lr-0.png,0
03377_lr-0.png,1
03378_lr-0.png,0
03379_lr-0.png,1
03380_lr-0.png,0
03381_lr-0.png,1
03382_lr-0.png,0
03383_lr-0.png,0
03384_lr-0.png,1
03385_lr-0.png,0
03386_lr-0.png,0
03387_lr-0.png,0
03388_lr-0.png,0
03389_lr-0.png,0
03390_lr-0.png,1
03391_lr-0.png,0
03392_lr-0.png,0
03393_lr-0.png,0
03394_lr-0.png,1
03395_lr-0.png,1
03396_lr-0.png,0
03397_lr-0.png,1
03398_lr-0.png,0
03399_lr-0.png,0
03400_lr-0.png,0
03401_lr-0.png,0
03402_lr-0.png,1
03403_lr-0.png,1
03404_lr-0.png,1
03405_lr-0.png,0
03406_lr-0.png,1
03407_lr-0.png,0
03408_lr-0.png,1
03409_lr-0.png,0
03410_lr-0.png,1
03411_lr-0.png,0
03412_lr-0.png,1
03413_lr-0.png,1
03414_lr-0.png,1
03415_lr-0.png,1
03416_lr-0.png,0
03417_lr-0.png,1
03418_lr-0.png,1
03419_lr-0.png,0
03420_lr-0.png,1
03421_lr-0.png,0
03422_lr-0.png,0
03423_lr-0.png,0
03424_lr-0.png,1
03425_lr-0.png,0
03426_lr-0.png,0
03427_lr-0.png,0
03428_lr-0.png,0
03429_lr-0.png,1
03430_lr-0.png,1
03431_lr-0.png,0
03432_lr-0.png,0
03433_lr-0.png,0
03434_lr-0.png,0
03435_lr-0.png,1
03436_lr-0.png,0
03437_lr-0.png,0
03438_lr-0.png,0
03439_lr-0.png,0
03440_lr-0.png,0
03441_lr-0.png,1
03442_lr-0.png,1
03443_lr-0.png,0
03444_lr-0.png,1
03445_lr-0.png,0
03446_lr-0.png,0
03447_lr-0.png,1
03448_lr-0.png,1
03449_lr-0.png,0
03450_lr-0.png,1
03451_lr-0.png,1
03452_lr-0.png,0
03453_lr-0.png,0
03454_lr-0.png,0
03455_lr-0.png,0
03456_lr-0.png,0
03457_lr-0.png,0
03458_lr-0.png,1
03459_lr-0.png,1
03460_lr-0.png,1
03461_lr-0.png,0
03462_lr-0.png,1
03463_lr-0.png,0
03464_lr-0.png,0
03465_lr-0.png,0
03466_lr-0.png,0
03467_lr-0.png,1
03468_lr-0.png,0
03469_lr-0.png,1
03470_lr-0.png,1
03471_lr-0.png,1
03472_lr-0.png,1
03473_lr-0.png,0
03474_lr-0.png,1
03475_lr-0.png,1
03476_lr-0.png,0
03477_lr-0.png,0
03478_lr-0.png,1
03479_lr-0.png,0
03480_lr-0.png,0
03481_lr-0.png,1
03482_lr-0.png,0
03483_lr-0.png,0
03484_lr-0.png,0
03485_lr-0.png,1
03486_lr-0.png,1
03487_lr-0.png,1
03488_lr-0.png,0
03489_lr-0.png,1
03490_lr-0.png,1
03491_lr-0.png,1
03492_lr-0.png,1
03493_lr-0.png,0
03494_lr-0.png,1
03495_lr-0.png,0
03496_lr-0.png,0
03497_lr-0.png,1
03498_lr-0.png,1
03499_lr-0.png,0
03500_lr-0.png,0
03501_lr-0.png,1
03502_lr-0.png,0
03503_lr-0.png,0
03504_lr-0.png,0
03505_lr-0.png,0
03506_lr-0.png,0
03507_lr-0.png,1
03508_lr-0.png,0
03509_lr-0.png,0
03510_lr-0.png,1
03511_lr-0.png,1
03512_lr-0.png,0
03513_lr-0.png,1
03514_lr-0.png,0
03515_lr-0.png,1
03516_lr-0.png,0
03517_lr-0.png,0
03518_lr-0.png,0
03519_lr-0.png,0
03520_lr-0.png,1
03521_lr-0.png,1
03522_lr-0.png,1
03523_lr-0.png,1
03524_lr-0.png,1
03525_lr-0.png,0
03526_lr-0.png,1
03527_lr-0.png,0
03528_lr-0.png,0
03529_lr-0.png,0
03530_lr-0.png,0
03531_lr-0.png,0
03532_lr-0.png,0
03533_lr-0.png,1
03534_lr-0.png,0
03535_lr-0.png,0
03536_lr-0.png,1
03537_lr-0.png,1
03538_lr-0.png,0
03539_lr-0.png,0
03540_lr-0.png,1
03541_lr-0.png,0
03542_lr-0.png,1
03543_lr-0.png,1
03544_lr-0.png,0
03545_lr-0.png,1
03546_lr-0.png,0
03547_lr-0.png,0
03548_lr-0.png,0
03549_lr-0.png,1
03550_lr-0.png,0
03551_lr-0.png,0
03552_lr-0.png,1
03553_lr-0.png,0
03554_lr-0.png,1
03555_lr-0.png,0
03556_lr-0.png,1
03557_lr-0.png,0
03558_lr-0.png,1
03559_lr-0.png,0
03560_lr-0.png,0
03561_lr-0.png,1
03562_lr-0.png,1
03563_lr-0.png,0
03564_lr-0.png,1
03565_lr-0.png,0
03566_lr-0.png,1
03567_lr-0.png,0
03568_lr-0.png,0
03569_lr-0.png,1
03570_lr-0.png,1
03571_lr-0.png,1
03572_lr-0.png,1
03573_lr-0.png,1
03574_lr-0.png,1
03575_lr-0.png,0
03576_lr-0.png,0
03577_lr-0.png,1
03578_lr-0.png,0
03579_lr-0.png,0
03580_lr-0.png,1
03581_lr-0.png,1
03582_lr-0.png,0
03583_lr-0.png,1
03584_lr-0.png,0
03585_lr-0.png,1
03586_lr-0.png,0
03587_lr-0.png,1
03588_lr-0.png,1
03589_lr-0.png,0
03590_lr-0.png,0
03591_lr-0.png,1
03592_lr-0.png,1
03593_lr-0.png,0
03594_lr-0.png,0
03595_lr-0.png,1
03596_lr-0.png,1
03597_lr-0.png,0
03598_lr-0.png,1
03599_lr-0.png,0
03600_lr-0.png,0
03601_lr-0.png,1
03602_lr-0.png,1
03603_lr-0.png,0
03604_lr-0.png,0
03605_lr-0.png,0
03606_lr-0.png,0
03607_lr-0.png,1
03608_lr-0.png,0
03609_lr-0.png,0
03610_lr-0.png,0
03611_lr-0.png,1
03612_lr-0.png,0
03613_lr-0.png,0
03614_lr-0.png,1
03615_lr-0.png,1
03616_lr-0.png,1
03617_lr-0.png,1
03618_lr-0.png,1
03619_lr-0.png,1
03620_lr-0.png,0
03621_lr-0.png,0
03622_lr-0.png,1
03623_lr-0.png,1
03624_lr-0.png,1
03625_lr-0.png,1
03626_lr-0.png,0
03627_lr-0.png,1
03628_lr-0.png,0
03629_lr-0.png,0
03630_lr-0.png,1
03631_lr-0.png,1
03632_lr-0.png,0
03633_lr-0.png,0
03634_lr-0.png,1
03635_lr-0.png,1
03636_lr-0.png,0
03637_lr-0.png,0
03638_lr-0.png,0
03639_lr-0.png,1
03640_lr-0.png,1
03641_lr-0.png,0
03642_lr-0.png,0
03643_lr-0.png,0
03644_lr-0.png,1
03645_lr-0.png,1
03646_lr-0.png,1
03647_lr-0.png,1
03648_lr-0.png,1
03649_lr-0.png,1
03650_lr-0.png,1
03651_lr-0.png,0
03652_lr-0.png,1
03653_lr-0.png,0
03654_lr-0.png,0
03655_lr-0.png,0
03656_lr-0.png,0
03657_lr-0.png,1
03658_lr-0.png,0
03659_lr-0.png,0
03660_lr-0.png,0
03661_lr-0.png,1
03662_lr-0.png,1
03663_lr-0.png,0
03664_lr-0.png,0
03665_lr-0.png,1
03666_lr-0.png,1
03667_lr-0.png,1
03668_lr-0.png,0
03669_lr-0.png,1
03670_lr-0.png,1
03671_lr-0.png,1
03672_lr-0.png,0
03673_lr-0.png,0
03674_lr-0.png,1
03675_lr-0.png,1
03676_lr-0.png,1
03677_lr-0.png,1
03678_lr-0.png,0
03679_lr-0.png,1
03680_lr-0.png,0
03681_lr-0.png,0
03682_lr-0.png,1
03683_lr-0.png,1
03684_lr-0.png,1
03685_lr-0.png,0
03686_lr-0.png,1
03687_lr-0.png,0
03688_lr-0.png,0
03689_lr-0.png,0
03690_lr-0.png,0
03691_lr-0.png,1
03692_lr-0.png,0
03693_lr-0.png,1
03694_lr-0.png,1
03695_lr-0.png,0
03696_lr-0.png,0
03697_lr-0.png,1
03698_lr-0.png,1
03699_lr-0.png,0
03700_lr-0.png,1
03701_lr-0.png,0
03702_lr-0.png,1
03703_lr-0.png,0
03704_lr-0.png,1
03705_lr-0.png,1
03706_lr-0.png,0
03707_lr-0.png,1
03708_lr-0.png,0
03709_lr-0.png,1
03710_lr-0.png,1
03711_lr-0.png,1
03712_lr-0.png,1
03713_lr-0.png,1
03714_lr-0.png,1
03715_lr-0.png,0
03716_lr-0.png,1
03717_lr-0.png,1
03718_lr-0.png,1
03719_lr-0.png,1
03720_lr-0.png,1
03721_lr-0.png,1
03722_lr-0.png,1
03723_lr-0.png,0
03724_lr-0.png,1
03725_lr-0.png,0
03726_lr-0.png,1
03727_lr-0.png,1
03728_lr-0.png,1
03729_lr-0.png,0
03730_lr-0.png,1
03731_lr-0.png,0
03732_lr-0.png,1
03733_lr-0.png,1
03734_lr-0.png,1
03735_lr-0.png,1
03736_lr-0.png,1
03737_lr-0.png,0
03738_lr-0.png,1
03739_lr-0.png,0
03740_lr-0.png,1
03741_lr-0.png,1
03742_lr-0.png,1
03743_lr-0.png,1
03744_lr-0.png,1
03745_lr-0.png,1
03746_lr-0.png,1
03747_lr-0.png,1
03748_lr-0.png,1
03749_lr-0.png,1
03750_lr-0.png,0
03751_lr-0.png,0
03752_lr-0.png,1
03753_lr-0.png,1
03754_lr-0.png,1
03755_lr-0.png,0
03756_lr-0.png,1
03757_lr-0.png,1
03758_lr-0.png,1
03759_lr-0.png,0
03760_lr-0.png,1
03761_lr-0.png,1
03762_lr-0.png,1
03763_lr-0.png,0
03764_lr-0.png,0
03765_lr-0.png,1
03766_lr-0.png,1
03767_lr-0.png,1
03768_lr-0.png,1
03769_lr-0.png,1
03770_lr-0.png,1
03771_lr-0.png,1
03772_lr-0.png,0
03773_lr-0.png,0
03774_lr-0.png,0
03775_lr-0.png,1
03776_lr-0.png,1
03777_lr-0.png,0
03778_lr-0.png,1
03779_lr-0.png,1
03780_lr-0.png,1
03781_lr-0.png,1
03782_lr-0.png,1
03783_lr-0.png,0
03784_lr-0.png,0
03785_lr-0.png,0
03786_lr-0.png,0
03787_lr-0.png,1
03788_lr-0.png,0
03789_lr-0.png,0
03790_lr-0.png,0
03791_lr-0.png,0
03792_lr-0.png,0
03793_lr-0.png,0
03794_lr-0.png,1
03796_lr-0.png,0
03797_lr-0.png,0
03799_lr-0.png,0
03802_lr-0.png,0
03803_lr-0.png,0
03804_lr-0.png,0
03805_lr-0.png,0
03806_lr-0.png,1
03807_lr-0.png,1
03808_lr-0.png,0
03809_lr-0.png,0
03810_lr-0.png,1
03811_lr-0.png,1
03812_lr-0.png,1
03813_lr-0.png,1
03814_lr-0.png,1
03815_lr-0.png,0
03816_lr-0.png,0
03817_lr-0.png,1
03818_lr-0.png,1
03819_lr-0.png,0
03820_lr-0.png,0
03821_lr-0.png,0
03822_lr-0.png,1
03823_lr-0.png,0
03824_lr-0.png,0
03825_lr-0.png,0
03826_lr-0.png,0
03827_lr-0.png,0
03828_lr-0.png,0
03829_lr-0.png,1
03830_lr-0.png,1
03831_lr-0.png,1
03833_lr-0.png,1
03834_lr-0.png,0
03835_lr-0.png,0
03836_lr-0.png,0
03837_lr-0.png,0
03838_lr-0.png,0
03839_lr-0.png,1
03840_lr-0.png,0
03841_lr-0.png,1
03842_lr-0.png,0
03843_lr-0.png,1
03844_lr-0.png,0
03845_lr-0.png,1
03846_lr-0.png,1
03847_lr-0.png,1
03848_lr-0.png,1
03849_lr-0.png,1
03850_lr-0.png,1
03851_lr-0.png,1
03852_lr-0.png,0
03853_lr-0.png,0
03854_lr-0.png,1
03855_lr-0.png,0
03856_lr-0.png,1
03857_lr-0.png,1
03858_lr-0.png,1
03859_lr-0.png,0
03860_lr-0.png,0
03861_lr-0.png,0
03862_lr-0.png,0
03863_lr-0.png,1
03864_lr-0.png,0
03865_lr-0.png,1
03866_lr-0.png,1
03867_lr-0.png,0
03868_lr-0.png,0
03869_lr-0.png,0
03870_lr-0.png,0
03871_lr-0.png,1
03872_lr-0.png,1
03873_lr-0.png,0
03874_lr-0.png,1
03875_lr-0.png,0
03876_lr-0.png,1
03877_lr-0.png,0
03878_lr-0.png,1
03879_lr-0.png,0
03880_lr-0.png,1
03881_lr-0.png,1
03882_lr-0.png,0
03883_lr-0.png,0
03884_lr-0.png,0
03885_lr-0.png,0
03886_lr-0.png,1
03887_lr-0.png,1
03888_lr-0.png,1
03889_lr-0.png,1
03890_lr-0.png,0
03891_lr-0.png,0
03892_lr-0.png,1
03893_lr-0.png,0
03894_lr-0.png,0
03895_lr-0.png,0
03896_lr-0.png,1
03897_lr-0.png,0
03898_lr-0.png,1
03899_lr-0.png,0
03900_lr-0.png,0
03901_lr-0.png,1
03902_lr-0.png,0
03903_lr-0.png,1
03904_lr-0.png,1
03905_lr-0.png,0
03906_lr-0.png,1
03907_lr-0.png,1
03908_lr-0.png,0
03909_lr-0.png,1
03910_lr-0.png,0
03911_lr-0.png,1
03912_lr-0.png,1
03913_lr-0.png,0
03914_lr-0.png,0
03915_lr-0.png,0
03916_lr-0.png,1
03917_lr-0.png,1
03918_lr-0.png,1
03919_lr-0.png,0
03920_lr-0.png,1
03921_lr-0.png,0
03922_lr-0.png,0
03923_lr-0.png,1
03924_lr-0.png,0
03925_lr-0.png,0
03926_lr-0.png,1
03927_lr-0.png,1
03928_lr-0.png,1
03929_lr-0.png,1
03930_lr-0.png,0
03931_lr-0.png,1
03932_lr-0.png,0
03933_lr-0.png,1
03934_lr-0.png,0
03935_lr-0.png,1
03936_lr-0.png,1
03937_lr-0.png,1
03938_lr-0.png,1
03939_lr-0.png,0
03940_lr-0.png,1
03941_lr-0.png,1
03942_lr-0.png,1
03943_lr-0.png,1
03944_lr-0.png,0
03945_lr-0.png,1
03946_lr-0.png,0
03947_lr-0.png,0
03948_lr-0.png,0
03949_lr-0.png,0
03950_lr-0.png,1
03951_lr-0.png,1
03952_lr-0.png,1
03953_lr-0.png,0
03954_lr-0.png,1
03955_lr-0.png,1
03956_lr-0.png,0
03957_lr-0.png,0
03958_lr-0.png,1
03959_lr-0.png,1
03960_lr-0.png,0
03961_lr-0.png,1
03962_lr-0.png,1
03963_lr-0.png,0
03964_lr-0.png,1
03965_lr-0.png,1
03966_lr-0.png,1
03967_lr-0.png,0
03968_lr-0.png,0
03969_lr-0.png,1
03970_lr-0.png,1
03971_lr-0.png,1
03972_lr-0.png,0
03973_lr-0.png,0
03974_lr-0.png,1
03975_lr-0.png,0
03976_lr-0.png,0
03977_lr-0.png,1
03978_lr-0.png,0
03979_lr-0.png,0
03980_lr-0.png,0
03981_lr-0.png,1
03982_lr-0.png,1
03983_lr-0.png,0
03984_lr-0.png,1
03985_lr-0.png,1
03986_lr-0.png,1
03987_lr-0.png,0
03988_lr-0.png,1
03989_lr-0.png,1
03990_lr-0.png,0
03991_lr-0.png,1
03992_lr-0.png,0
03993_lr-0.png,1
03994_lr-0.png,0
03995_lr-0.png,0
03996_lr-0.png,0
03997_lr-0.png,1
03998_lr-0.png,0
03999_lr-0.png,0
04000_lr-0.png,1
04001_lr-0.png,0
04002_lr-0.png,0
04003_lr-0.png,1
04004_lr-0.png,0
04005_lr-0.png,1
04006_lr-0.png,1
04007_lr-0.png,1
04008_lr-0.png,1
04009_lr-0.png,0
04010_lr-0.png,0
04011_lr-0.png,1
04012_lr-0.png,1
04013_lr-0.png,0
04014_lr-0.png,1
04015_lr-0.png,0
04016_lr-0.png,0
04017_lr-0.png,1
04018_lr-0.png,0
04019_lr-0.png,0
04020_lr-0.png,1
04021_lr-0.png,1
04022_lr-0.png,0
04023_lr-0.png,0
04024_lr-0.png,0
04025_lr-0.png,1
04026_lr-0.png,0
04027_lr-0.png,0
04028_lr-0.png,0
04029_lr-0.png,0
04030_lr-0.png,1
04031_lr-0.png,0
04032_lr-0.png,0
04033_lr-0.png,1
04034_lr-0.png,1
04035_lr-0.png,1
04036_lr-0.png,1
04037_lr-0.png,1
04038_lr-0.png,0
04039_lr-0.png,1
04040_lr-0.png,1
04041_lr-0.png,1
04042_lr-0.png,1
04043_lr-0.png,1
04044_lr-0.png,0
04045_lr-0.png,0
04046_lr-0.png,0
04047_lr-0.png,1
04048_lr-0.png,0
04049_lr-0.png,0
04050_lr-0.png,0
04051_lr-0.png,0
04052_lr-0.png,0
04053_lr-0.png,0
04054_lr-0.png,0
04055_lr-0.png,1
04056_lr-0.png,0
04057_lr-0.png,1
04058_lr-0.png,0
04059_lr-0.png,1
04060_lr-0.png,1
04061_lr-0.png,1
04062_lr-0.png,1
04063_lr-0.png,0
04064_lr-0.png,1
04065_lr-0.png,1
04066_lr-0.png,1
04067_lr-0.png,1
04068_lr-0.png,0
04069_lr-0.png,1
04070_lr-0.png,0
04071_lr-0.png,1
04072_lr-0.png,0
04073_lr-0.png,1
04074_lr-0.png,1
04075_lr-0.png,1
04076_lr-0.png,1
04077_lr-0.png,1
04078_lr-0.png,1
04079_lr-0.png,1
04080_lr-0.png,0
04081_lr-0.png,0
04082_lr-0.png,1
04083_lr-0.png,1
04084_lr-0.png,0
04085_lr-0.png,0
04086_lr-0.png,0
04087_lr-0.png,0
04088_lr-0.png,1
04089_lr-0.png,1
04090_lr-0.png,1
04091_lr-0.png,0
04092_lr-0.png,0
04093_lr-0.png,1
04094_lr-0.png,1
04095_lr-0.png,0
04096_lr-0.png,1
04097_lr-0.png,1
04098_lr-0.png,0
04099_lr-0.png,0
04100_lr-0.png,0
04101_lr-0.png,1
04102_lr-0.png,0
04103_lr-0.png,1
04104_lr-0.png,1
04105_lr-0.png,0
04106_lr-0.png,0
04107_lr-0.png,0
04108_lr-0.png,0
04109_lr-0.png,0
04110_lr-0.png,1
04111_lr-0.png,0
04112_lr-0.png,0
04113_lr-0.png,1
04114_lr-0.png,1
04115_lr-0.png,0
04116_lr-0.png,0
04117_lr-0.png,0
04118_lr-0.png,0
04119_lr-0.png,0
04120_lr-0.png,1
04121_lr-0.png,0
04122_lr-0.png,1
04123_lr-0.png,1
04124_lr-0.png,0
04125_lr-0.png,1
04126_lr-0.png,0
04127_lr-0.png,0
04128_lr-0.png,0
04129_lr-0.png,0
04130_lr-0.png,0
04131_lr-0.png,0
04132_lr-0.png,0
04133_lr-0.png,0
04134_lr-0.png,1
04135_lr-0.png,0
04136_lr-0.png,1
04137_lr-0.png,0
04138_lr-0.png,1
04139_lr-0.png,1
04140_lr-0.png,0
04141_lr-0.png,0
04142_lr-0.png,1
04143_lr-0.png,0
04144_lr-0.png,1
04145_lr-0.png,0
04146_lr-0.png,0
04147_lr-0.png,1
04148_lr-0.png,0
04149_lr-0.png,0
04150_lr-0.png,0
04151_lr-0.png,1
04152_lr-0.png,1
04153_lr-0.png,0
04154_lr-0.png,0
04155_lr-0.png,1
04156_lr-0.png,1
04157_lr-0.png,1
04158_lr-0.png,0
04159_lr-0.png,1
04160_lr-0.png,0
04161_lr-0.png,0
04162_lr-0.png,1
04163_lr-0.png,1
04164_lr-0.png,1
04165_lr-0.png,1
04166_lr-0.png,0
04167_lr-0.png,1
04168_lr-0.png,1
04169_lr-0.png,1
04170_lr-0.png,0
04171_lr-0.png,1
04172_lr-0.png,1
04173_lr-0.png,1
04174_lr-0.png,1
04175_lr-0.png,0
04176_lr-0.png,1
04177_lr-0.png,0
04178_lr-0.png,1
04179_lr-0.png,1
04180_lr-0.png,1
04181_lr-0.png,0
04182_lr-0.png,0
04183_lr-0.png,1
04184_lr-0.png,1
04185_lr-0.png,1
04186_lr-0.png,1
04187_lr-0.png,1
04188_lr-0.png,0
04189_lr-0.png,0
04190_lr-0.png,1
04191_lr-0.png,0
04192_lr-0.png,1
04193_lr-0.png,1
04194_lr-0.png,0
04195_lr-0.png,0
04196_lr-0.png,0
04197_lr-0.png,1
04198_lr-0.png,1
04199_lr-0.png,0
04200_lr-0.png,0
04201_lr-0.png,1
04202_lr-0.png,0
04203_lr-0.png,0
04204_lr-0.png,1
04205_lr-0.png,1
04206_lr-0.png,0
04207_lr-0.png,1
04208_lr-0.png,1
04209_lr-0.png,0
04210_lr-0.png,1
04211_lr-0.png,0
04212_lr-0.png,1
04213_lr-0.png,1
04214_lr-0.png,0
04215_lr-0.png,1
04216_lr-0.png,0
04217_lr-0.png,1
04218_lr-0.png,0
04219_lr-0.png,0
04220_lr-0.png,0
04221_lr-0.png,0
04222_lr-0.png,0
04223_lr-0.png,0
04224_lr-0.png,1
04225_lr-0.png,0
04226_lr-0.png,0
04227_lr-0.png,0
04228_lr-0.png,0
04229_lr-0.png,1
04230_lr-0.png,0
04231_lr-0.png,0
04232_lr-0.png,0
04233_lr-0.png,0
04234_lr-0.png,0
04235_lr-0.png,1
04236_lr-0.png,1
04237_lr-0.png,0
04238_lr-0.png,0
04239_lr-0.png,1
04240_lr-0.png,0
04241_lr-0.png,1
04242_lr-0.png,1
04243_lr-0.png,1
04244_lr-0.png,0
04245_lr-0.png,1
04246_lr-0.png,1
04247_lr-0.png,1
04248_lr-0.png,0
04249_lr-0.png,1
04250_lr-0.png,1
04251_lr-0.png,0
04252_lr-0.png,1
04253_lr-0.png,0
04254_lr-0.png,0
04255_lr-0.png,0
04256_lr-0.png,1
04257_lr-0.png,0
04258_lr-0.png,0
04259_lr-0.png,0
04260_lr-0.png,1
04261_lr-0.png,1
04262_lr-0.png,1
04263_lr-0.png,1
04264_lr-0.png,0
04265_lr-0.png,0
04266_lr-0.png,1
04267_lr-0.png,0
04268_lr-0.png,1
04269_lr-0.png,0
04270_lr-0.png,0
04271_lr-0.png,0
04272_lr-0.png,1
04273_lr-0.png,1
04274_lr-0.png,0
04275_lr-0.png,0
04276_lr-0.png,0
04277_lr-0.png,1
04278_lr-0.png,0
04279_lr-0.png,0
04280_lr-0.png,0
04281_lr-0.png,0
04282_lr-0.png,0
04283_lr-0.png,1
04284_lr-0.png,0
04285_lr-0.png,1
04286_lr-0.png,1
04287_lr-0.png,1
04288_lr-0.png,1
04289_lr-0.png,1
04290_lr-0.png,1
04291_lr-0.png,1
04292_lr-0.png,0
04293_lr-0.png,1
04294_lr-0.png,1
04295_lr-0.png,1
04296_lr-0.png,1
04297_lr-0.png,0
04298_lr-0.png,0
04299_lr-0.png,1
04300_lr-0.png,1
04301_lr-0.png,1
04302_lr-0.png,1
04303_lr-0.png,0
04304_lr-0.png,1
04305_lr-0.png,0
04306_lr-0.png,0
04307_lr-0.png,0
04308_lr-0.png,0
04309_lr-0.png,1
04310_lr-0.png,0
04311_lr-0.png,1
04312_lr-0.png,0
04313_lr-0.png,0
04314_lr-0.png,1
04315_lr-0.png,0
04316_lr-0.png,0
04317_lr-0.png,1
04318_lr-0.png,0
04319_lr-0.png,1
04320_lr-0.png,0
04321_lr-0.png,1
04322_lr-0.png,0
04323_lr-0.png,0
04324_lr-0.png,0
04325_lr-0.png,1
04326_lr-0.png,0
04327_lr-0.png,0
04328_lr-0.png,1
04329_lr-0.png,0
04330_lr-0.png,0
04331_lr-0.png,0
04332_lr-0.png,0
04333_lr-0.png,0
04334_lr-0.png,0
04335_lr-0.png,0
04336_lr-0.png,0
04337_lr-0.png,1
04338_lr-0.png,0
04339_lr-0.png,0
04340_lr-0.png,1
04341_lr-0.png,1
04342_lr-0.png,1
04343_lr-0.png,1
04344_lr-0.png,1
04345_lr-0.png,1
04346_lr-0.png,1
04347_lr-0.png,1
04348_lr-0.png,1
04349_lr-0.png,0
04350_lr-0.png,0
04351_lr-0.png,0
04352_lr-0.png,0
04353_lr-0.png,1
04354_lr-0.png,1
04355_lr-0.png,1
04356_lr-0.png,1
04357_lr-0.png,0
04358_lr-0.png,0
04359_lr-0.png,0
04360_lr-0.png,0
04361_lr-0.png,0
04362_lr-0.png,0
04363_lr-0.png,0
04364_lr-0.png,1
04365_lr-0.png,1
04366_lr-0.png,0
04367_lr-0.png,0
04368_lr-0.png,0
04369_lr-0.png,1
04370_lr-0.png,1
04371_lr-0.png,0
04372_lr-0.png,1
04373_lr-0.png,0
04374_lr-0.png,1
04375_lr-0.png,0
04376_lr-0.png,1
04377_lr-0.png,0
04378_lr-0.png,1
04379_lr-0.png,0
04380_lr-0.png,0
04381_lr-0.png,1
04382_lr-0.png,0
04383_lr-0.png,1
04384_lr-0.png,0
04385_lr-0.png,1
04386_lr-0.png,0
04387_lr-0.png,0
04388_lr-0.png,0
04389_lr-0.png,1
04390_lr-0.png,1
04391_lr-0.png,0
04392_lr-0.png,0
04393_lr-0.png,0
04394_lr-0.png,1
04395_lr-0.png,0
04396_lr-0.png,0
04397_lr-0.png,1
04398_lr-0.png,0
04399_lr-0.png,0
04400_lr-0.png,0
04401_lr-0.png,0
04402_lr-0.png,0
04403_lr-0.png,0
04404_lr-0.png,1
04405_lr-0.png,0
04406_lr-0.png,0
04407_lr-0.png,1
04408_lr-0.png,0
04409_lr-0.png,0
04410_lr-0.png,0
04411_lr-0.png,1
04412_lr-0.png,0
04413_lr-0.png,1
04414_lr-0.png,1
04415_lr-0.png,0
04416_lr-0.png,1
04417_lr-0.png,1
04418_lr-0.png,0
04419_lr-0.png,0
04420_lr-0.png,1
04421_lr-0.png,0
04422_lr-0.png,1
04423_lr-0.png,0
04424_lr-0.png,0
04425_lr-0.png,0
04426_lr-0.png,0
04427_lr-0.png,0
04428_lr-0.png,1
04429_lr-0.png,1
04430_lr-0.png,0
04431_lr-0.png,1
04432_lr-0.png,0
04433_lr-0.png,0
04434_lr-0.png,1
04435_lr-0.png,1
04436_lr-0.png,0
04437_lr-0.png,1
04438_lr-0.png,0
04439_lr-0.png,1
04440_lr-0.png,0
04441_lr-0.png,1
04442_lr-0.png,0
04443_lr-0.png,0
04444_lr-0.png,0
04445_lr-0.png,0
04446_lr-0.png,0
04447_lr-0.png,1
04448_lr-0.png,0
04449_lr-0.png,0
04450_lr-0.png,0
04451_lr-0.png,0
04452_lr-0.png,0
04453_lr-0.png,0
04454_lr-0.png,1
04455_lr-0.png,0
04456_lr-0.png,0
04457_lr-0.png,0
04458_lr-0.png,0
04459_lr-0.png,1
04460_lr-0.png,0
04461_lr-0.png,1
04462_lr-0.png,1
04463_lr-0.png,0
04464_lr-0.png,1
04465_lr-0.png,0
04466_lr-0.png,0
04467_lr-0.png,0
04468_lr-0.png,1
04469_lr-0.png,1
04470_lr-0.png,0
04471_lr-0.png,1
04472_lr-0.png,1
04473_lr-0.png,1
04474_lr-0.png,1
04475_lr-0.png,1
04476_lr-0.png,0
04477_lr-0.png,1
04478_lr-0.png,1
04479_lr-0.png,1
04480_lr-0.png,1
04481_lr-0.png,1
04482_lr-0.png,1
04483_lr-0.png,1
04484_lr-0.png,1
04485_lr-0.png,1
04486_lr-0.png,0
04487_lr-0.png,1
04488_lr-0.png,1
04489_lr-0.png,0
04490_lr-0.png,1
04491_lr-0.png,1
04492_lr-0.png,0
04493_lr-0.png,0
04494_lr-0.png,0
04495_lr-0.png,0
04496_lr-0.png,0
04497_lr-0.png,0
04498_lr-0.png,1
04499_lr-0.png,0
04500_lr-0.png,1
04501_lr-0.png,0
04502_lr-0.png,0
04503_lr-0.png,0
04504_lr-0.png,1
04505_lr-0.png,1
04506_lr-0.png,1
04507_lr-0.png,1
04508_lr-0.png,0
04509_lr-0.png,0
04510_lr-0.png,1
04511_lr-0.png,0
04512_lr-0.png,1
04513_lr-0.png,0
04514_lr-0.png,1
04515_lr-0.png,1
04516_lr-0.png,0
04517_lr-0.png,1
04518_lr-0.png,0
04519_lr-0.png,1
04520_lr-0.png,1
04521_lr-0.png,0
04522_lr-0.png,0
04523_lr-0.png,0
04524_lr-0.png,1
04525_lr-0.png,0
04526_lr-0.png,0
04527_lr-0.png,0
04528_lr-0.png,0
04529_lr-0.png,0
04530_lr-0.png,1
04531_lr-0.png,0
04532_lr-0.png,0
04533_lr-0.png,0
04534_lr-0.png,0
04535_lr-0.png,0
04536_lr-0.png,0
04537_lr-0.png,0
04538_lr-0.png,0
04539_lr-0.png,1
04540_lr-0.png,0
04541_lr-0.png,0
04542_lr-0.png,1
04543_lr-0.png,1
04544_lr-0.png,1
04545_lr-0.png,0
04546_lr-0.png,0
04547_lr-0.png,0
04548_lr-0.png,0
04549_lr-0.png,1
04550_lr-0.png,1
04551_lr-0.png,0
04552_lr-0.png,0
04553_lr-0.png,1
04554_lr-0.png,0
04555_lr-0.png,1
04556_lr-0.png,1
04557_lr-0.png,1
04558_lr-0.png,1
04559_lr-0.png,0
04560_lr-0.png,0
04561_lr-0.png,0
04562_lr-0.png,0
04563_lr-0.png,0
04564_lr-0.png,0
04565_lr-0.png,1
04566_lr-0.png,1
04567_lr-0.png,0
04568_lr-0.png,0
04569_lr-0.png,1
04570_lr-0.png,0
04571_lr-0.png,0
04572_lr-0.png,0
04573_lr-0.png,1
04574_lr-0.png,0
04575_lr-0.png,0
04576_lr-0.png,0
04577_lr-0.png,1
04578_lr-0.png,0
04579_lr-0.png,1
04580_lr-0.png,0
04581_lr-0.png,0
04582_lr-0.png,0
04583_lr-0.png,0
04584_lr-0.png,1
04585_lr-0.png,1
04586_lr-0.png,0
04587_lr-0.png,1
04588_lr-0.png,0
04589_lr-0.png,0
04590_lr-0.png,0
04591_lr-0.png,0
04592_lr-0.png,0
04593_lr-0.png,0
04594_lr-0.png,0
04595_lr-0.png,0
04596_lr-0.png,1
04597_lr-0.png,1
04598_lr-0.png,1
04599_lr-0.png,0
04600_lr-0.png,1
04601_lr-0.png,0
04602_lr-0.png,0
04603_lr-0.png,0
04604_lr-0.png,0
04605_lr-0.png,0
04606_lr-0.png,1
04607_lr-0.png,0
04608_lr-0.png,0
04609_lr-0.png,1
04610_lr-0.png,1
04611_lr-0.png,0
04612_lr-0.png,0
04613_lr-0.png,1
04614_lr-0.png,0
04615_lr-0.png,0
04616_lr-0.png,1
04617_lr-0.png,0
04618_lr-0.png,0
04619_lr-0.png,0
04620_lr-0.png,1
04621_lr-0.png,0
04622_lr-0.png,1
04623_lr-0.png,1
04624_lr-0.png,0
04625_lr-0.png,1
04626_lr-0.png,0
04627_lr-0.png,0
04628_lr-0.png,1
04629_lr-0.png,0
04630_lr-0.png,0
04631_lr-0.png,1
04632_lr-0.png,0
04633_lr-0.png,1
04634_lr-0.png,1
04635_lr-0.png,1
04636_lr-0.png,0
04637_lr-0.png,0
04638_lr-0.png,1
04639_lr-0.png,1
04640_lr-0.png,1
04641_lr-0.png,1
04642_lr-0.png,1
04643_lr-0.png,1
04644_lr-0.png,1
04645_lr-0.png,0
04646_lr-0.png,0
04647_lr-0.png,1
04648_lr-0.png,1
04649_lr-0.png,0
04650_lr-0.png,1
04651_lr-0.png,0
04652_lr-0.png,0
04653_lr-0.png,0
04654_lr-0.png,0
04655_lr-0.png,0
04656_lr-0.png,0
04657_lr-0.png,0
04658_lr-0.png,0
04659_lr-0.png,0
04660_lr-0.png,0
04661_lr-0.png,0
04662_lr-0.png,1
04663_lr-0.png,0
04664_lr-0.png,1
04665_lr-0.png,0
04666_lr-0.png,0
04667_lr-0.png,0
04668_lr-0.png,1
04669_lr-0.png,1
04670_lr-0.png,0
04671_lr-0.png,1
04672_lr-0.png,1
04673_lr-0.png,0
04674_lr-0.png,0
04675_lr-0.png,0
04676_lr-0.png,0
04677_lr-0.png,1
04678_lr-0.png,1
04679_lr-0.png,1
04680_lr-0.png,1
04681_lr-0.png,0
04682_lr-0.png,1
04683_lr-0.png,0
04684_lr-0.png,1
04685_lr-0.png,1
04686_lr-0.png,0
04687_lr-0.png,0
04688_lr-0.png,0
04689_lr-0.png,1
04690_lr-0.png,1
04691_lr-0.png,1
04692_lr-0.png,0
04693_lr-0.png,0
04694_lr-0.png,0
04695_lr-0.png,0
04696_lr-0.png,0
04697_lr-0.png,0
04698_lr-0.png,0
04699_lr-0.png,1
04700_lr-0.png,0
04701_lr-0.png,0
04702_lr-0.png,0
04703_lr-0.png,0
04704_lr-0.png,1
04705_lr-0.png,1
04706_lr-0.png,0
04707_lr-0.png,0
04708_lr-0.png,0
04709_lr-0.png,1
04710_lr-0.png,1
04711_lr-0.png,1
04712_lr-0.png,0
04713_lr-0.png,0
04714_lr-0.png,1
04715_lr-0.png,1
04716_lr-0.png,0
04717_lr-0.png,0
04718_lr-0.png,1
04719_lr-0.png,1
04720_lr-0.png,1
04721_lr-0.png,1
04722_lr-0.png,0
04723_lr-0.png,0
04724_lr-0.png,1
04725_lr-0.png,0
04726_lr-0.png,1
04727_lr-0.png,1
04728_lr-0.png,1
04729_lr-0.png,0
04730_lr-0.png,0
04731_lr-0.png,1
04732_lr-0.png,0
04733_lr-0.png,0
04734_lr-0.png,1
04735_lr-0.png,0
04736_lr-0.png,1
04737_lr-0.png,0
04738_lr-0.png,0
04739_lr-0.png,1
04740_lr-0.png,0
04741_lr-0.png,0
04742_lr-0.png,1
04743_lr-0.png,0
04744_lr-0.png,1
04745_lr-0.png,0
04746_lr-0.png,0
04747_lr-0.png,1
04748_lr-0.png,0
04749_lr-0.png,0
04750_lr-0.png,0
04751_lr-0.png,0
04752_lr-0.png,0
04753_lr-0.png,0
04754_lr-0.png,1
04755_lr-0.png,0
04756_lr-0.png,0
04757_lr-0.png,0
04758_lr-0.png,0
04759_lr-0.png,1
04760_lr-0.png,1
04761_lr-0.png,0
04762_lr-0.png,0
04763_lr-0.png,0
04764_lr-0.png,1
04765_lr-0.png,1
04766_lr-0.png,1
04767_lr-0.png,1
04768_lr-0.png,0
04769_lr-0.png,0
04770_lr-0.png,1
04771_lr-0.png,0
04772_lr-0.png,0
04773_lr-0.png,1
04774_lr-0.png,1
04775_lr-0.png,0
04776_lr-0.png,0
04777_lr-0.png,0
04778_lr-0.png,1
04779_lr-0.png,0
04780_lr-0.png,1
04781_lr-0.png,0
04782_lr-0.png,1
04783_lr-0.png,1
04784_lr-0.png,1
04785_lr-0.png,0
04786_lr-0.png,1
04787_lr-0.png,0
04788_lr-0.png,0
04789_lr-0.png,1
04790_lr-0.png,0
04791_lr-0.png,0
04792_lr-0.png,0
04793_lr-0.png,0
04794_lr-0.png,0
04795_lr-0.png,0
04796_lr-0.png,0
04797_lr-0.png,0
04798_lr-0.png,1
04799_lr-0.png,1
04800_lr-0.png,0
04801_lr-0.png,0
04802_lr-0.png,1
04803_lr-0.png,0
04804_lr-0.png,0
04805_lr-0.png,1
04806_lr-0.png,0
04807_lr-0.png,0
04808_lr-0.png,1
04809_lr-0.png,0
04810_lr-0.png,1
04811_lr-0.png,1
04812_lr-0.png,0
04813_lr-0.png,0
04814_lr-0.png,1
04815_lr-0.png,0
04816_lr-0.png,0
04817_lr-0.png,1
04818_lr-0.png,1
04819_lr-0.png,0
04820_lr-0.png,1
04821_lr-0.png,1
04822_lr-0.png,1
04823_lr-0.png,0
04824_lr-0.png,0
04825_lr-0.png,0
04826_lr-0.png,1
04827_lr-0.png,0
04828_lr-0.png,0
04829_lr-0.png,1
04830_lr-0.png,0
04831_lr-0.png,1
04832_lr-0.png,0
04833_lr-0.png,0
04834_lr-0.png,1
04835_lr-0.png,1
04836_lr-0.png,1
04837_lr-0.png,0
04838_lr-0.png,0
04839_lr-0.png,0
04840_lr-0.png,0
04841_lr-0.png,0
04842_lr-0.png,0
04843_lr-0.png,1
04844_lr-0.png,1
04845_lr-0.png,0
04846_lr-0.png,0
04847_lr-0.png,0
04848_lr-0.png,1
04849_lr-0.png,1
04850_lr-0.png,0
04851_lr-0.png,1
04852_lr-0.png,0
04853_lr-0.png,0
04854_lr-0.png,1
04855_lr-0.png,1
04856_lr-0.png,0
04857_lr-0.png,0
04858_lr-0.png,1
04859_lr-0.png,1
04860_lr-0.png,1
04861_lr-0.png,0
04862_lr-0.png,1
04863_lr-0.png,0
04864_lr-0.png,1
04865_lr-0.png,1
04866_lr-0.png,0
04867_lr-0.png,1
04868_lr-0.png,0
04869_lr-0.png,0
04870_lr-0.png,0
04871_lr-0.png,0
04872_lr-0.png,0
04873_lr-0.png,1
04874_lr-0.png,0
04875_lr-0.png,1
04876_lr-0.png,1
04877_lr-0.png,1
04878_lr-0.png,0
04879_lr-0.png,1
04880_lr-0.png,1
04881_lr-0.png,0
04882_lr-0.png,0
04883_lr-0.png,1
04884_lr-0.png,1
04885_lr-0.png,0
04886_lr-0.png,0
04887_lr-0.png,1
04888_lr-0.png,1
04889_lr-0.png,0
04890_lr-0.png,1
04891_lr-0.png,0
04892_lr-0.png,1
04893_lr-0.png,0
04894_lr-0.png,0
04895_lr-0.png,0
04896_lr-0.png,0
04897_lr-0.png,0
04898_lr-0.png,1
04899_lr-0.png,0
04900_lr-0.png,1
04901_lr-0.png,0
04902_lr-0.png,1
04903_lr-0.png,0
04904_lr-0.png,0
04905_lr-0.png,1
04906_lr-0.png,0
04907_lr-0.png,0
04908_lr-0.png,0
04909_lr-0.png,0
04910_lr-0.png,1
04911_lr-0.png,1
04912_lr-0.png,1
04913_lr-0.png,1
04914_lr-0.png,1
04915_lr-0.png,0
04916_lr-0.png,0
04917_lr-0.png,0
04918_lr-0.png,0
04919_lr-0.png,0
04920_lr-0.png,0
04921_lr-0.png,0
04922_lr-0.png,0
04923_lr-0.png,0
04924_lr-0.png,1
04925_lr-0.png,0
04926_lr-0.png,0
04927_lr-0.png,0
04928_lr-0.png,1
04929_lr-0.png,0
04930_lr-0.png,0
04931_lr-0.png,0
04932_lr-0.png,1
04933_lr-0.png,1
04934_lr-0.png,0
04935_lr-0.png,0
04936_lr-0.png,1
04937_lr-0.png,0
04938_lr-0.png,0
04939_lr-0.png,1
04940_lr-0.png,0
04941_lr-0.png,1
04942_lr-0.png,0
04943_lr-0.png,0
04944_lr-0.png,1
04945_lr-0.png,1
04946_lr-0.png,0
04947_lr-0.png,1
04948_lr-0.png,0
04949_lr-0.png,0
04950_lr-0.png,1
04951_lr-0.png,1
04952_lr-0.png,0
04953_lr-0.png,0
04954_lr-0.png,1
04955_lr-0.png,1
04956_lr-0.png,1
04957_lr-0.png,0
04958_lr-0.png,1
04959_lr-0.png,1
04960_lr-0.png,1
04961_lr-0.png,1
04962_lr-0.png,0
04963_lr-0.png,0
04964_lr-0.png,0
04965_lr-0.png,0
04966_lr-0.png,0
04967_lr-0.png,1
04968_lr-0.png,0
04969_lr-0.png,1
04970_lr-0.png,0
04971_lr-0.png,1
04972_lr-0.png,0
04973_lr-0.png,0
04974_lr-0.png,0
04975_lr-0.png,0
04976_lr-0.png,1
04977_lr-0.png,0
04978_lr-0.png,0
04979_lr-0.png,1
04980_lr-0.png,1
04981_lr-0.png,0
04982_lr-0.png,1
04983_lr-0.png,0
04984_lr-0.png,0
04985_lr-0.png,0
04986_lr-0.png,0
04987_lr-0.png,1
04988_lr-0.png,0
04989_lr-0.png,0
04990_lr-0.png,0
04991_lr-0.png,0
04992_lr-0.png,0
04993_lr-0.png,0
04994_lr-0.png,0
04995_lr-0.png,0
04996_lr-0.png,0
04997_lr-0.png,0
04998_lr-0.png,0
04999_lr-0.png,0
05000_lr-0.png,1
05001_lr-0.png,1
05002_lr-0.png,1
05003_lr-0.png,0
05004_lr-0.png,1
05005_lr-0.png,0
05006_lr-0.png,0
05007_lr-0.png,1
05008_lr-0.png,1
05009_lr-0.png,1
05010_lr-0.png,1
05011_lr-0.png,1
05012_lr-0.png,0
05013_lr-0.png,1
05014_lr-0.png,1
05015_lr-0.png,1
05016_lr-0.png,0
05017_lr-0.png,0
05018_lr-0.png,0
05019_lr-0.png,1
05020_lr-0.png,0
05021_lr-0.png,0
05022_lr-0.png,0
05023_lr-0.png,0
05024_lr-0.png,0
05025_lr-0.png,0
05026_lr-0.png,1
05027_lr-0.png,0
05028_lr-0.png,0
05029_lr-0.png,0
05030_lr-0.png,1
05031_lr-0.png,0
05032_lr-0.png,1
05033_lr-0.png,0
05034_lr-0.png,0
05035_lr-0.png,1
05036_lr-0.png,0
05037_lr-0.png,1
05038_lr-0.png,1
05039_lr-0.png,1
05040_lr-0.png,0
05041_lr-0.png,1
05042_lr-0.png,0
05043_lr-0.png,0
05044_lr-0.png,1
05045_lr-0.png,0
05046_lr-0.png,0
05047_lr-0.png,0
05048_lr-0.png,0
05049_lr-0.png,1
05050_lr-0.png,0
05051_lr-0.png,0
05052_lr-0.png,0
05053_lr-0.png,0
05054_lr-0.png,0
05055_lr-0.png,1
05056_lr-0.png,0
05057_lr-0.png,1
05058_lr-0.png,0
05059_lr-0.png,0
05060_lr-0.png,1
05061_lr-0.png,0
05062_lr-0.png,0
05063_lr-0.png,1
05064_lr-0.png,0
05065_lr-0.png,0
05066_lr-0.png,1
05067_lr-0.png,1
05068_lr-0.png,0
05069_lr-0.png,0
05070_lr-0.png,0
05071_lr-0.png,0
05072_lr-0.png,0
05073_lr-0.png,0
05074_lr-0.png,0
05075_lr-0.png,0
05076_lr-0.png,0
05077_lr-0.png,0
05078_lr-0.png,0
05079_lr-0.png,0
05080_lr-0.png,0
05081_lr-0.png,1
05082_lr-0.png,1
05083_lr-0.png,0
05084_lr-0.png,0
05085_lr-0.png,1
05086_lr-0.png,1
05087_lr-0.png,0
05088_lr-0.png,0
05089_lr-0.png,0
05090_lr-0.png,1
05091_lr-0.png,1
05092_lr-0.png,0
05093_lr-0.png,0
05094_lr-0.png,0
05095_lr-0.png,0
05096_lr-0.png,0
05097_lr-0.png,1
05098_lr-0.png,1
05099_lr-0.png,1
05100_lr-0.png,0
05101_lr-0.png,0
05102_lr-0.png,1
05103_lr-0.png,0
05104_lr-0.png,1
05105_lr-0.png,0
05106_lr-0.png,1
05107_lr-0.png,1
05108_lr-0.png,0
05109_lr-0.png,0
05110_lr-0.png,1
05111_lr-0.png,0
05112_lr-0.png,0
05113_lr-0.png,0
05114_lr-0.png,0
05115_lr-0.png,1
05116_lr-0.png,0
05117_lr-0.png,1
05118_lr-0.png,0
05119_lr-0.png,0
05120_lr-0.png,0
05121_lr-0.png,0
05122_lr-0.png,0
05123_lr-0.png,0
05124_lr-0.png,0
05125_lr-0.png,0
05126_lr-0.png,1
05127_lr-0.png,0
05128_lr-0.png,1
05129_lr-0.png,0
05130_lr-0.png,0
05131_lr-0.png,0
05132_lr-0.png,0
05133_lr-0.png,0
05134_lr-0.png,1
05135_lr-0.png,0
05136_lr-0.png,0
05137_lr-0.png,0
05138_lr-0.png,0
05139_lr-0.png,0
05140_lr-0.png,1
05141_lr-0.png,1
05142_lr-0.png,1
05143_lr-0.png,0
05144_lr-0.png,0
05145_lr-0.png,0
05146_lr-0.png,1
05147_lr-0.png,0
05148_lr-0.png,0
05149_lr-0.png,0
05150_lr-0.png,0
05151_lr-0.png,1
05152_lr-0.png,1
05153_lr-0.png,0
05154_lr-0.png,0
05155_lr-0.png,0
05156_lr-0.png,0
05157_lr-0.png,0
05158_lr-0.png,0
05159_lr-0.png,0
05160_lr-0.png,0
05161_lr-0.png,1
05162_lr-0.png,1
05163_lr-0.png,0
05164_lr-0.png,0
05165_lr-0.png,1
05166_lr-0.png,0
05167_lr-0.png,0
05168_lr-0.png,0
05169_lr-0.png,0
05170_lr-0.png,0
05171_lr-0.png,1
05172_lr-0.png,1
05173_lr-0.png,0
05174_lr-0.png,1
05175_lr-0.png,0
05176_lr-0.png,0
05177_lr-0.png,1
05178_lr-0.png,1
05179_lr-0.png,0
05180_lr-0.png,0
05181_lr-0.png,0
05182_lr-0.png,1
05183_lr-0.png,1
05184_lr-0.png,1
05185_lr-0.png,0
05186_lr-0.png,0
05187_lr-0.png,0
05188_lr-0.png,0
05189_lr-0.png,0
05190_lr-0.png,1
05191_lr-0.png,0
05192_lr-0.png,1
05193_lr-0.png,0
05194_lr-0.png,0
05195_lr-0.png,1
05196_lr-0.png,0
05197_lr-0.png,1
05198_lr-0.png,0
05199_lr-0.png,1
05200_lr-0.png,1
05201_lr-0.png,0
05202_lr-0.png,0
05203_lr-0.png,0
05204_lr-0.png,0
05205_lr-0.png,0
05206_lr-0.png,1
05207_lr-0.png,1
05208_lr-0.png,0
05209_lr-0.png,0
05210_lr-0.png,0
05211_lr-0.png,0
05212_lr-0.png,0
05213_lr-0.png,1
05214_lr-0.png,1
05215_lr-0.png,1
05216_lr-0.png,0
05217_lr-0.png,1
05218_lr-0.png,0
05219_lr-0.png,0
05220_lr-0.png,1
05221_lr-0.png,0
05222_lr-0.png,1
05223_lr-0.png,1
05224_lr-0.png,0
05225_lr-0.png,1
05226_lr-0.png,0
05227_lr-0.png,1
05228_lr-0.png,0
05229_lr-0.png,0
05230_lr-0.png,1
05231_lr-0.png,0
05232_lr-0.png,1
05233_lr-0.png,1
05234_lr-0.png,0
05235_lr-0.png,0
05236_lr-0.png,1
05237_lr-0.png,0
05238_lr-0.png,0
05239_lr-0.png,1
05240_lr-0.png,0
05241_lr-0.png,0
05242_lr-0.png,1
05243_lr-0.png,1
05244_lr-0.png,1
05245_lr-0.png,1
05246_lr-0.png,0
05247_lr-0.png,0
05248_lr-0.png,0
05249_lr-0.png,0
05250_lr-0.png,1
05251_lr-0.png,0
05252_lr-0.png,0
05253_lr-0.png,1
05254_lr-0.png,0
05255_lr-0.png,0
05256_lr-0.png,1
05257_lr-0.png,0
05258_lr-0.png,0
05259_lr-0.png,0
05260_lr-0.png,0
05261_lr-0.png,1
05262_lr-0.png,1
05263_lr-0.png,1
05264_lr-0.png,0
05265_lr-0.png,0
05266_lr-0.png,0
05267_lr-0.png,1
05268_lr-0.png,0
05269_lr-0.png,1
05270_lr-0.png,0
05271_lr-0.png,1
05272_lr-0.png,0
05273_lr-0.png,1
05274_lr-0.png,0
05275_lr-0.png,1
05276_lr-0.png,0
05277_lr-0.png,0
05278_lr-0.png,0
05279_lr-0.png,0
05280_lr-0.png,0
05281_lr-0.png,1
05282_lr-0.png,0
05283_lr-0.png,0
05284_lr-0.png,0
05285_lr-0.png,1
05286_lr-0.png,0
05287_lr-0.png,0
05288_lr-0.png,1
05289_lr-0.png,0
05290_lr-0.png,1
05291_lr-0.png,1
05292_lr-0.png,0
05293_lr-0.png,0
05294_lr-0.png,0
05295_lr-0.png,0
05296_lr-0.png,0
05297_lr-0.png,0
05298_lr-0.png,1
05299_lr-0.png,0
05300_lr-0.png,1
05301_lr-0.png,0
05302_lr-0.png,1
05303_lr-0.png,0
05304_lr-0.png,1
05305_lr-0.png,1
05306_lr-0.png,0
05307_lr-0.png,1
05308_lr-0.png,1
05309_lr-0.png,1
05310_lr-0.png,0
05311_lr-0.png,0
05312_lr-0.png,0
05313_lr-0.png,1
05314_lr-0.png,0
05315_lr-0.png,1
05316_lr-0.png,1
05317_lr-0.png,0
05318_lr-0.png,1
05319_lr-0.png,0
05320_lr-0.png,0
05321_lr-0.png,1
05322_lr-0.png,0
05323_lr-0.png,0
05324_lr-0.png,1
05325_lr-0.png,0
05326_lr-0.png,1
05327_lr-0.png,0
05328_lr-0.png,1
05329_lr-0.png,0
05330_lr-0.png,0
05331_lr-0.png,1
05332_lr-0.png,1
05333_lr-0.png,0
05334_lr-0.png,0
05335_lr-0.png,0
05336_lr-0.png,1
05337_lr-0.png,0
05338_lr-0.png,0
05339_lr-0.png,0
05340_lr-0.png,0
05341_lr-0.png,0
05342_lr-0.png,0
05343_lr-0.png,0
05344_lr-0.png,1
05345_lr-0.png,1
05346_lr-0.png,1
05347_lr-0.png,0
05348_lr-0.png,0
05349_lr-0.png,0
05350_lr-0.png,1
05351_lr-0.png,0
05352_lr-0.png,0
05353_lr-0.png,0
05354_lr-0.png,0
05355_lr-0.png,1
05356_lr-0.png,0
05357_lr-0.png,0
05358_lr-0.png,0
05359_lr-0.png,0
05360_lr-0.png,0
05361_lr-0.png,0
05362_lr-0.png,0
05363_lr-0.png,1
05364_lr-0.png,0
05365_lr-0.png,0
05366_lr-0.png,0
05367_lr-0.png,0
05368_lr-0.png,0
05369_lr-0.png,1
05370_lr-0.png,1
05371_lr-0.png,1
05372_lr-0.png,0
05373_lr-0.png,1
05374_lr-0.png,0
05375_lr-0.png,1
05376_lr-0.png,0
05377_lr-0.png,1
05378_lr-0.png,1
05379_lr-0.png,0
05380_lr-0.png,1
05381_lr-0.png,1
05382_lr-0.png,1
05383_lr-0.png,1
05384_lr-0.png,0
05385_lr-0.png,1
05386_lr-0.png,0
05387_lr-0.png,1
05388_lr-0.png,0
05389_lr-0.png,1
05390_lr-0.png,0
05391_lr-0.png,1
05392_lr-0.png,0
05393_lr-0.png,1
05394_lr-0.png,0
05395_lr-0.png,1
05396_lr-0.png,0
05397_lr-0.png,0
05398_lr-0.png,0
05399_lr-0.png,1
05400_lr-0.png,1
05401_lr-0.png,1
05402_lr-0.png,0
05403_lr-0.png,1
05404_lr-0.png,0
05405_lr-0.png,1
05406_lr-0.png,1
05407_lr-0.png,0
05408_lr-0.png,0
05409_lr-0.png,0
05410_lr-0.png,1
05411_lr-0.png,0
05412_lr-0.png,1
05413_lr-0.png,0
05414_lr-0.png,1
05415_lr-0.png,1
05416_lr-0.png,1
05417_lr-0.png,0
05418_lr-0.png,1
05419_lr-0.png,0
05420_lr-0.png,1
05421_lr-0.png,1
05422_lr-0.png,0
05423_lr-0.png,0
05424_lr-0.png,0
05425_lr-0.png,1
05426_lr-0.png,1
05427_lr-0.png,1
05428_lr-0.png,1
05429_lr-0.png,0
05430_lr-0.png,1
05431_lr-0.png,1
05432_lr-0.png,0
05433_lr-0.png,0
05434_lr-0.png,1
05435_lr-0.png,1
05436_lr-0.png,1
05437_lr-0.png,0
05438_lr-0.png,1
05439_lr-0.png,0
05440_lr-0.png,1
05441_lr-0.png,0
05442_lr-0.png,1
05443_lr-0.png,1
05444_lr-0.png,0
05445_lr-0.png,0
05446_lr-0.png,1
05447_lr-0.png,1
05448_lr-0.png,1
05449_lr-0.png,0
05450_lr-0.png,0
05451_lr-0.png,0
05452_lr-0.png,1
05453_lr-0.png,1
05454_lr-0.png,0
05455_lr-0.png,0
05456_lr-0.png,0
05457_lr-0.png,1
05458_lr-0.png,0
05459_lr-0.png,1
05460_lr-0.png,1
05461_lr-0.png,0
05462_lr-0.png,1
05463_lr-0.png,1
05464_lr-0.png,0
05465_lr-0.png,0
05466_lr-0.png,1
05467_lr-0.png,1
05468_lr-0.png,1
05469_lr-0.png,1
05470_lr-0.png,0
05471_lr-0.png,1
05472_lr-0.png,0
05473_lr-0.png,0
05474_lr-0.png,0
05475_lr-0.png,1
05476_lr-0.png,0
05477_lr-0.png,1
05478_lr-0.png,0
05479_lr-0.png,0
05480_lr-0.png,0
05481_lr-0.png,1
05482_lr-0.png,1
05483_lr-0.png,1
05484_lr-0.png,1
05485_lr-0.png,0
05486_lr-0.png,1
05487_lr-0.png,1
05488_lr-0.png,0
05489_lr-0.png,0
05490_lr-0.png,1
05491_lr-0.png,1
05492_lr-0.png,0
05493_lr-0.png,0
05494_lr-0.png,0
05495_lr-0.png,0
05496_lr-0.png,0
05497_lr-0.png,0
05498_lr-0.png,0
05499_lr-0.png,1
05500_lr-0.png,1
05501_lr-0.png,0
05502_lr-0.png,0
05503_lr-0.png,1
05504_lr-0.png,0
05505_lr-0.png,1
05506_lr-0.png,1
05507_lr-0.png,1
05508_lr-0.png,1
05509_lr-0.png,1
05510_lr-0.png,0
05511_lr-0.png,0
05512_lr-0.png,1
05513_lr-0.png,0
05514_lr-0.png,1
05515_lr-0.png,0
05516_lr-0.png,1
05517_lr-0.png,0
05518_lr-0.png,0
05519_lr-0.png,1
05520_lr-0.png,0
05521_lr-0.png,0
05522_lr-0.png,0
05523_lr-0.png,0
05524_lr-0.png,1
05525_lr-0.png,1
05526_lr-0.png,0
05527_lr-0.png,0
05528_lr-0.png,0
05529_lr-0.png,1
05530_lr-0.png,1
05531_lr-0.png,1
05532_lr-0.png,0
05533_lr-0.png,0
05534_lr-0.png,1
05535_lr-0.png,0
05536_lr-0.png,1
05537_lr-0.png,0
05538_lr-0.png,0
05539_lr-0.png,1
05540_lr-0.png,0
05541_lr-0.png,0
05542_lr-0.png,1
05543_lr-0.png,0
05544_lr-0.png,0
05545_lr-0.png,0
05546_lr-0.png,0
05547_lr-0.png,0
05548_lr-0.png,1
05549_lr-0.png,1
05550_lr-0.png,1
05551_lr-0.png,1
05552_lr-0.png,1
05553_lr-0.png,0
05554_lr-0.png,0
05555_lr-0.png,1
05556_lr-0.png,1
05557_lr-0.png,1
05558_lr-0.png,1
05559_lr-0.png,1
05560_lr-0.png,0
05561_lr-0.png,1
05562_lr-0.png,1
05563_lr-0.png,1
05564_lr-0.png,1
05565_lr-0.png,1
05566_lr-0.png,1
05567_lr-0.png,1
05568_lr-0.png,1
05569_lr-0.png,0
05570_lr-0.png,0
05571_lr-0.png,0
05572_lr-0.png,0
05573_lr-0.png,0
05574_lr-0.png,0
05575_lr-0.png,0
05576_lr-0.png,1
05577_lr-0.png,1
05578_lr-0.png,1
05579_lr-0.png,1
05580_lr-0.png,1
05581_lr-0.png,1
05582_lr-0.png,0
05583_lr-0.png,1
05584_lr-0.png,1
05585_lr-0.png,1
05586_lr-0.png,0
05587_lr-0.png,1
05588_lr-0.png,0
05589_lr-0.png,1
05590_lr-0.png,0
05591_lr-0.png,0
05592_lr-0.png,1
05593_lr-0.png,0
05594_lr-0.png,0
05595_lr-0.png,1
05596_lr-0.png,1
05597_lr-0.png,0
05598_lr-0.png,0
05599_lr-0.png,0
05600_lr-0.png,1
05601_lr-0.png,0
05602_lr-0.png,0
05603_lr-0.png,0
05604_lr-0.png,1
05605_lr-0.png,1
05606_lr-0.png,0
05607_lr-0.png,1
05608_lr-0.png,1
05609_lr-0.png,1
05610_lr-0.png,1
05611_lr-0.png,1
05612_lr-0.png,1
05613_lr-0.png,0
05614_lr-0.png,0
05615_lr-0.png,0
05616_lr-0.png,0
05617_lr-0.png,1
05618_lr-0.png,1
05619_lr-0.png,0
05620_lr-0.png,0
05621_lr-0.png,1
05622_lr-0.png,1
05623_lr-0.png,0
05624_lr-0.png,0
05625_lr-0.png,0
05626_lr-0.png,1
05627_lr-0.png,1
05628_lr-0.png,0
05629_lr-0.png,0
05630_lr-0.png,1
05631_lr-0.png,0
05632_lr-0.png,0
05633_lr-0.png,0
05634_lr-0.png,0
05635_lr-0.png,0
05636_lr-0.png,0
05637_lr-0.png,0
05638_lr-0.png,1
05639_lr-0.png,0
05640_lr-0.png,0
05641_lr-0.png,1
05642_lr-0.png,1
05643_lr-0.png,1
05644_lr-0.png,0
05645_lr-0.png,0
05646_lr-0.png,0
05647_lr-0.png,0
05648_lr-0.png,0
05649_lr-0.png,1
05650_lr-0.png,0
05651_lr-0.png,1
05652_lr-0.png,1
05653_lr-0.png,1
05654_lr-0.png,1
05655_lr-0.png,1
05656_lr-0.png,0
05657_lr-0.png,0
05658_lr-0.png,0
05659_lr-0.png,0
05660_lr-0.png,0
05661_lr-0.png,0
05662_lr-0.png,1
05663_lr-0.png,0
05664_lr-0.png,0
05665_lr-0.png,0
05666_lr-0.png,1
05667_lr-0.png,0
05668_lr-0.png,1
05669_lr-0.png,0
05670_lr-0.png,0
05671_lr-0.png,1
05672_lr-0.png,1
05673_lr-0.png,0
05674_lr-0.png,0
05675_lr-0.png,1
05676_lr-0.png,0
05677_lr-0.png,0
05678_lr-0.png,0
05679_lr-0.png,0
05680_lr-0.png,0
05681_lr-0.png,1
05682_lr-0.png,0
05683_lr-0.png,0
05684_lr-0.png,0
05685_lr-0.png,0
05686_lr-0.png,0
05687_lr-0.png,0
05688_lr-0.png,0
05689_lr-0.png,1
05690_lr-0.png,0
05691_lr-0.png,0
05692_lr-0.png,1
05693_lr-0.png,1
05694_lr-0.png,0
05695_lr-0.png,1
05696_lr-0.png,0
05697_lr-0.png,1
05698_lr-0.png,0
05699_lr-0.png,1
05700_lr-0.png,0
05701_lr-0.png,1
05702_lr-0.png,1
05703_lr-0.png,0
05704_lr-0.png,1
05705_lr-0.png,1
05706_lr-0.png,0
05707_lr-0.png,1
05708_lr-0.png,1
05709_lr-0.png,0
05710_lr-0.png,1
05711_lr-0.png,1
05712_lr-0.png,0
05713_lr-0.png,0
05714_lr-0.png,0
05715_lr-0.png,0
05716_lr-0.png,0
05717_lr-0.png,0
05718_lr-0.png,1
05719_lr-0.png,0
05720_lr-0.png,0
05721_lr-0.png,1
05722_lr-0.png,0
05723_lr-0.png,1
05724_lr-0.png,1
05725_lr-0.png,1
05726_lr-0.png,1
05727_lr-0.png,1
05728_lr-0.png,0
05729_lr-0.png,0
05730_lr-0.png,0
05731_lr-0.png,1
05732_lr-0.png,0
05733_lr-0.png,1
05734_lr-0.png,0
05735_lr-0.png,1
05736_lr-0.png,0
05737_lr-0.png,1
05738_lr-0.png,1
05739_lr-0.png,0
05740_lr-0.png,0
05741_lr-0.png,1
05742_lr-0.png,0
05743_lr-0.png,1
05744_lr-0.png,1
05745_lr-0.png,0
05746_lr-0.png,1
05747_lr-0.png,1
05748_lr-0.png,0
05749_lr-0.png,0
05750_lr-0.png,1
05751_lr-0.png,1
05752_lr-0.png,0
05753_lr-0.png,1
05754_lr-0.png,0
05755_lr-0.png,0
05756_lr-0.png,0
05757_lr-0.png,0
05758_lr-0.png,1
05759_lr-0.png,1
05760_lr-0.png,0
05761_lr-0.png,0
05762_lr-0.png,0
05763_lr-0.png,0
05764_lr-0.png,0
05765_lr-0.png,0
05766_lr-0.png,0
05767_lr-0.png,1
05768_lr-0.png,0
05769_lr-0.png,0
05770_lr-0.png,1
05771_lr-0.png,1
05772_lr-0.png,0
05773_lr-0.png,0
05774_lr-0.png,0
05775_lr-0.png,0
05776_lr-0.png,0
05777_lr-0.png,0
05778_lr-0.png,1
05779_lr-0.png,1
05780_lr-0.png,1
05781_lr-0.png,1
05782_lr-0.png,1
05783_lr-0.png,1
05784_lr-0.png,1
05785_lr-0.png,0
05786_lr-0.png,0
05787_lr-0.png,0
05788_lr-0.png,1
05789_lr-0.png,0
05790_lr-0.png,0
05791_lr-0.png,1
05792_lr-0.png,1
05793_lr-0.png,0
05794_lr-0.png,0
05795_lr-0.png,1
05796_lr-0.png,1
05797_lr-0.png,0
05798_lr-0.png,1
05799_lr-0.png,1
05800_lr-0.png,0
05801_lr-0.png,0
05802_lr-0.png,1
05803_lr-0.png,1
05804_lr-0.png,0
05805_lr-0.png,1
05806_lr-0.png,0
05807_lr-0.png,0
05808_lr-0.png,1
05809_lr-0.png,1
05810_lr-0.png,0
05811_lr-0.png,1
05812_lr-0.png,1
05813_lr-0.png,1
05814_lr-0.png,1
05815_lr-0.png,1
05816_lr-0.png,1
05818_lr-0.png,0
05819_lr-0.png,1
05820_lr-0.png,1
05821_lr-0.png,0
05822_lr-0.png,1
05823_lr-0.png,0
05824_lr-0.png,1
05825_lr-0.png,1
05826_lr-0.png,0
05827_lr-0.png,0
05828_lr-0.png,1
05829_lr-0.png,1
05830_lr-0.png,0
05831_lr-0.png,1
05832_lr-0.png,0
05833_lr-0.png,0
05834_lr-0.png,1
05835_lr-0.png,1
05836_lr-0.png,1
05837_lr-0.png,1
05838_lr-0.png,0
05839_lr-0.png,0
05840_lr-0.png,0
05841_lr-0.png,0
05842_lr-0.png,0
05843_lr-0.png,1
05844_lr-0.png,0
05845_lr-0.png,1
05846_lr-0.png,1
05847_lr-0.png,0
05848_lr-0.png,0
05849_lr-0.png,1
05850_lr-0.png,1
05851_lr-0.png,0
05852_lr-0.png,1
05853_lr-0.png,1
05854_lr-0.png,0
05855_lr-0.png,1
05856_lr-0.png,0
05857_lr-0.png,0
05858_lr-0.png,0
05859_lr-0.png,0
05860_lr-0.png,0
05861_lr-0.png,0
05862_lr-0.png,0
05863_lr-0.png,0
05864_lr-0.png,1
05865_lr-0.png,0
05866_lr-0.png,0
05867_lr-0.png,0
05868_lr-0.png,0
05869_lr-0.png,1
05870_lr-0.png,1
05871_lr-0.png,0
05872_lr-0.png,0
05873_lr-0.png,0
05874_lr-0.png,0
05875_lr-0.png,1
05876_lr-0.png,0
05877_lr-0.png,0
05878_lr-0.png,0
05879_lr-0.png,0
05880_lr-0.png,0
05881_lr-0.png,0
05882_lr-0.png,1
05883_lr-0.png,0
05884_lr-0.png,0
05885_lr-0.png,0
05886_lr-0.png,0
05887_lr-0.png,1
05888_lr-0.png,0
05889_lr-0.png,0
05890_lr-0.png,1
05891_lr-0.png,0
05892_lr-0.png,0
05893_lr-0.png,1
05894_lr-0.png,0
05895_lr-0.png,0
05896_lr-0.png,1
05897_lr-0.png,1
05898_lr-0.png,1
05899_lr-0.png,0
05900_lr-0.png,1
05901_lr-0.png,1
05902_lr-0.png,0
05903_lr-0.png,1
05904_lr-0.png,1
05905_lr-0.png,0
05906_lr-0.png,1
05907_lr-0.png,1
05908_lr-0.png,0
05909_lr-0.png,0
05910_lr-0.png,1
05911_lr-0.png,0
05912_lr-0.png,0
05913_lr-0.png,0
05914_lr-0.png,1
05915_lr-0.png,1
05916_lr-0.png,1
05917_lr-0.png,1
05918_lr-0.png,1
05919_lr-0.png,1
05920_lr-0.png,0
05921_lr-0.png,1
05922_lr-0.png,1
05923_lr-0.png,1
05924_lr-0.png,1
05925_lr-0.png,0
05926_lr-0.png,0
05927_lr-0.png,0
05928_lr-0.png,1
05929_lr-0.png,1
05930_lr-0.png,0
05931_lr-0.png,1
05932_lr-0.png,1
05933_lr-0.png,1
05934_lr-0.png,0
05935_lr-0.png,1
05936_lr-0.png,0
05937_lr-0.png,0
05938_lr-0.png,1
05939_lr-0.png,0
05940_lr-0.png,0
05941_lr-0.png,0
05942_lr-0.png,0
05943_lr-0.png,0
05944_lr-0.png,1
05945_lr-0.png,1
05946_lr-0.png,1
05947_lr-0.png,1
05948_lr-0.png,1
05949_lr-0.png,0
05950_lr-0.png,0
05951_lr-0.png,0
05952_lr-0.png,0
05953_lr-0.png,0
05954_lr-0.png,1
05955_lr-0.png,0
05956_lr-0.png,1
05957_lr-0.png,0
05958_lr-0.png,0
05959_lr-0.png,1
05960_lr-0.png,1
05961_lr-0.png,1
05962_lr-0.png,1
05963_lr-0.png,1
05964_lr-0.png,1
05965_lr-0.png,0
05966_lr-0.png,0
05967_lr-0.png,0
05968_lr-0.png,1
05969_lr-0.png,1
05970_lr-0.png,1
05971_lr-0.png,0
05972_lr-0.png,1
05973_lr-0.png,1
05974_lr-0.png,1
05975_lr-0.png,1
05976_lr-0.png,1
05977_lr-0.png,1
05978_lr-0.png,1
05979_lr-0.png,1
05980_lr-0.png,1
05981_lr-0.png,1
05982_lr-0.png,0
05983_lr-0.png,0
05984_lr-0.png,1
05985_lr-0.png,0
05986_lr-0.png,1
05987_lr-0.png,1
05988_lr-0.png,1
05989_lr-0.png,1
05990_lr-0.png,0
05991_lr-0.png,0
05992_lr-0.png,1
05993_lr-0.png,0
05994_lr-0.png,0
05995_lr-0.png,0
05996_lr-0.png,0
05997_lr-0.png,0
05998_lr-0.png,0
05999_lr-0.png,1
06000_lr-0.png,1
06001_lr-0.png,0
06002_lr-0.png,1
06003_lr-0.png,1
06004_lr-0.png,1
06005_lr-0.png,1
06006_lr-0.png,1
06007_lr-0.png,1
06008_lr-0.png,1
06009_lr-0.png,1
06010_lr-0.png,1
06011_lr-0.png,0
06012_lr-0.png,1
06013_lr-0.png,1
06014_lr-0.png,0
06015_lr-0.png,0
06016_lr-0.png,1
06017_lr-0.png,0
06018_lr-0.png,0
06019_lr-0.png,0
06020_lr-0.png,0
06021_lr-0.png,0
06022_lr-0.png,0
06023_lr-0.png,1
06024_lr-0.png,1
06025_lr-0.png,0
06026_lr-0.png,1
06027_lr-0.png,0
06028_lr-0.png,1
06029_lr-0.png,0
06030_lr-0.png,1
06031_lr-0.png,1
06032_lr-0.png,0
06033_lr-0.png,0
06034_lr-0.png,1
06035_lr-0.png,1
06036_lr-0.png,1
06037_lr-0.png,1
06038_lr-0.png,0
06039_lr-0.png,1
06040_lr-0.png,1
06041_lr-0.png,1
06042_lr-0.png,0
06043_lr-0.png,1
06044_lr-0.png,0
06045_lr-0.png,0
06046_lr-0.png,1
06047_lr-0.png,1
06048_lr-0.png,0
06049_lr-0.png,0
06050_lr-0.png,1
06051_lr-0.png,0
06052_lr-0.png,1
06053_lr-0.png,1
06054_lr-0.png,1
06055_lr-0.png,1
06056_lr-0.png,0
06057_lr-0.png,0
06058_lr-0.png,0
06059_lr-0.png,1
06060_lr-0.png,0
06061_lr-0.png,1
06062_lr-0.png,0
06063_lr-0.png,1
06064_lr-0.png,0
06065_lr-0.png,0
06066_lr-0.png,1
06067_lr-0.png,0
06068_lr-0.png,0
06069_lr-0.png,1
06070_lr-0.png,0
06071_lr-0.png,1
06072_lr-0.png,1
06073_lr-0.png,0
06074_lr-0.png,1
06075_lr-0.png,1
06076_lr-0.png,1
06077_lr-0.png,1
06078_lr-0.png,0
06079_lr-0.png,1
06080_lr-0.png,1
06081_lr-0.png,0
06082_lr-0.png,0
06083_lr-0.png,1
06084_lr-0.png,0
06085_lr-0.png,0
06086_lr-0.png,0
06087_lr-0.png,1
06088_lr-0.png,0
06089_lr-0.png,1
06090_lr-0.png,0
06091_lr-0.png,0
06092_lr-0.png,1
06093_lr-0.png,1
06094_lr-0.png,1
06095_lr-0.png,1
06096_lr-0.png,0
06097_lr-0.png,1
06098_lr-0.png,0
06099_lr-0.png,1
06100_lr-0.png,1
06101_lr-0.png,1
06102_lr-0.png,0
06103_lr-0.png,1
06104_lr-0.png,0
06105_lr-0.png,1
06106_lr-0.png,0
06107_lr-0.png,1
06108_lr-0.png,0
06109_lr-0.png,1
06110_lr-0.png,1
06111_lr-0.png,1
06112_lr-0.png,0
06113_lr-0.png,0
06114_lr-0.png,1
06115_lr-0.png,0
06116_lr-0.png,0
06117_lr-0.png,0
06118_lr-0.png,1
06119_lr-0.png,1
06120_lr-0.png,0
06121_lr-0.png,1
06122_lr-0.png,0
06123_lr-0.png,0
06124_lr-0.png,0
06125_lr-0.png,1
06126_lr-0.png,0
06127_lr-0.png,0
06128_lr-0.png,1
06129_lr-0.png,1
06130_lr-0.png,0
06131_lr-0.png,1
06132_lr-0.png,0
06133_lr-0.png,1
06134_lr-0.png,0
06135_lr-0.png,0
06136_lr-0.png,0
06137_lr-0.png,1
06138_lr-0.png,1
06139_lr-0.png,1
06140_lr-0.png,0
06141_lr-0.png,0
06142_lr-0.png,0
06143_lr-0.png,1
06144_lr-0.png,0
06145_lr-0.png,1
06146_lr-0.png,0
06147_lr-0.png,1
06148_lr-0.png,1
06149_lr-0.png,1
06150_lr-0.png,0
06151_lr-0.png,1
06152_lr-0.png,1
06153_lr-0.png,0
06154_lr-0.png,0
06155_lr-0.png,0
06156_lr-0.png,1
06157_lr-0.png,0
06158_lr-0.png,0
06159_lr-0.png,1
06160_lr-0.png,1
06161_lr-0.png,0
06162_lr-0.png,0
06163_lr-0.png,0
06164_lr-0.png,0
06165_lr-0.png,1
06166_lr-0.png,1
06167_lr-0.png,0
06168_lr-0.png,1
06169_lr-0.png,1
06170_lr-0.png,1
06171_lr-0.png,1
06172_lr-0.png,0
06173_lr-0.png,0
06174_lr-0.png,0
06175_lr-0.png,0
06176_lr-0.png,1
06177_lr-0.png,0
06178_lr-0.png,1
06179_lr-0.png,0
06180_lr-0.png,0
06181_lr-0.png,1
06182_lr-0.png,1
06183_lr-0.png,1
06184_lr-0.png,1
06185_lr-0.png,0
06186_lr-0.png,0
06187_lr-0.png,1
06188_lr-0.png,1
06189_lr-0.png,1
06190_lr-0.png,0
06191_lr-0.png,1
06192_lr-0.png,0
06193_lr-0.png,1
06194_lr-0.png,0
06195_lr-0.png,0
06196_lr-0.png,1
06197_lr-0.png,0
06198_lr-0.png,0
06199_lr-0.png,0
06200_lr-0.png,1
06201_lr-0.png,0
06202_lr-0.png,1
06203_lr-0.png,0
06204_lr-0.png,1
06205_lr-0.png,0
06206_lr-0.png,0
06207_lr-0.png,1
06208_lr-0.png,1
06209_lr-0.png,1
06210_lr-0.png,0
06211_lr-0.png,0
06212_lr-0.png,0
06213_lr-0.png,1
06214_lr-0.png,1
06215_lr-0.png,1
06216_lr-0.png,1
06217_lr-0.png,1
06218_lr-0.png,0
06219_lr-0.png,1
06220_lr-0.png,1
06221_lr-0.png,0
06222_lr-0.png,1
06223_lr-0.png,0
06224_lr-0.png,0
06225_lr-0.png,0
06226_lr-0.png,0
06227_lr-0.png,1
06228_lr-0.png,0
06229_lr-0.png,0
06230_lr-0.png,0
06231_lr-0.png,0
06232_lr-0.png,1
06233_lr-0.png,0
06234_lr-0.png,1
06235_lr-0.png,1
06236_lr-0.png,0
06237_lr-0.png,1
06238_lr-0.png,1
06239_lr-0.png,1
06240_lr-0.png,0
06241_lr-0.png,0
06242_lr-0.png,0
06243_lr-0.png,1
06244_lr-0.png,0
06245_lr-0.png,0
06246_lr-0.png,1
06247_lr-0.png,0
06248_lr-0.png,1
06249_lr-0.png,1
06250_lr-0.png,0
06251_lr-0.png,0
06252_lr-0.png,0
06253_lr-0.png,0
06254_lr-0.png,0
06255_lr-0.png,0
06256_lr-0.png,1
06257_lr-0.png,0
06258_lr-0.png,1
06259_lr-0.png,0
06260_lr-0.png,1
06261_lr-0.png,1
06262_lr-0.png,1
06263_lr-0.png,1
06264_lr-0.png,1
06265_lr-0.png,1
06266_lr-0.png,1
06267_lr-0.png,0
06268_lr-0.png,1
06269_lr-0.png,0
06270_lr-0.png,0
06271_lr-0.png,1
06272_lr-0.png,1
06273_lr-0.png,0
06274_lr-0.png,1
06275_lr-0.png,0
06276_lr-0.png,0
06277_lr-0.png,1
06278_lr-0.png,1
06279_lr-0.png,1
06280_lr-0.png,0
06281_lr-0.png,1
06282_lr-0.png,0
06283_lr-0.png,0
06284_lr-0.png,0
06285_lr-0.png,0
06286_lr-0.png,1
06287_lr-0.png,0
06288_lr-0.png,0
06289_lr-0.png,1
06290_lr-0.png,0
06291_lr-0.png,0
06292_lr-0.png,0
06293_lr-0.png,1
06294_lr-0.png,1
06295_lr-0.png,1
06296_lr-0.png,1
06297_lr-0.png,0
06298_lr-0.png,1
06299_lr-0.png,1
06300_lr-0.png,0
06301_lr-0.png,1
06302_lr-0.png,0
06303_lr-0.png,0
06304_lr-0.png,0
06305_lr-0.png,0
06306_lr-0.png,0
06307_lr-0.png,1
06308_lr-0.png,1
06309_lr-0.png,1
06310_lr-0.png,0
06311_lr-0.png,1
06312_lr-0.png,1
06313_lr-0.png,0
06314_lr-0.png,0
06315_lr-0.png,0
06316_lr-0.png,1
06317_lr-0.png,1
06318_lr-0.png,0
06319_lr-0.png,0
06320_lr-0.png,1
06321_lr-0.png,1
06322_lr-0.png,0
06323_lr-0.png,1
06324_lr-0.png,1
06325_lr-0.png,0
06326_lr-0.png,1
06327_lr-0.png,0
06328_lr-0.png,1
06329_lr-0.png,1
06330_lr-0.png,1
06331_lr-0.png,0
06332_lr-0.png,0
06333_lr-0.png,1
06334_lr-0.png,0
06335_lr-0.png,0
06336_lr-0.png,1
06337_lr-0.png,0
06338_lr-0.png,0
06339_lr-0.png,0
06340_lr-0.png,1
06341_lr-0.png,1
06342_lr-0.png,0
06343_lr-0.png,0
06344_lr-0.png,1
06345_lr-0.png,0
06346_lr-0.png,1
06347_lr-0.png,0
06348_lr-0.png,1
06349_lr-0.png,0
06350_lr-0.png,0
06351_lr-0.png,1
06352_lr-0.png,0
06353_lr-0.png,0
06354_lr-0.png,1
06355_lr-0.png,0
06356_lr-0.png,0
06357_lr-0.png,1
06358_lr-0.png,1
06359_lr-0.png,0
06360_lr-0.png,1
06361_lr-0.png,1
06362_lr-0.png,1
06363_lr-0.png,1
06364_lr-0.png,1
06365_lr-0.png,1
06366_lr-0.png,0
06367_lr-0.png,1
06368_lr-0.png,1
06369_lr-0.png,0
06370_lr-0.png,1
06371_lr-0.png,0
06372_lr-0.png,1
06373_lr-0.png,0
06374_lr-0.png,1
06375_lr-0.png,0
06376_lr-0.png,0
06377_lr-0.png,0
06378_lr-0.png,1
06379_lr-0.png,0
06380_lr-0.png,0
06381_lr-0.png,1
06382_lr-0.png,0
06383_lr-0.png,1
06384_lr-0.png,0
06385_lr-0.png,1
06386_lr-0.png,0
06387_lr-0.png,0
06388_lr-0.png,1
06389_lr-0.png,0
06390_lr-0.png,1
06391_lr-0.png,1
06392_lr-0.png,0
06393_lr-0.png,1
06394_lr-0.png,0
06395_lr-0.png,0
06396_lr-0.png,0
06397_lr-0.png,0
06398_lr-0.png,0
06399_lr-0.png,1
06400_lr-0.png,1
06401_lr-0.png,1
06402_lr-0.png,1
06403_lr-0.png,0
06404_lr-0.png,0
06405_lr-0.png,0
06406_lr-0.png,1
06407_lr-0.png,1
06408_lr-0.png,1
06409_lr-0.png,0
06410_lr-0.png,0
06411_lr-0.png,0
06412_lr-0.png,0
06413_lr-0.png,1
06414_lr-0.png,1
06415_lr-0.png,1
06416_lr-0.png,0
06417_lr-0.png,0
06418_lr-0.png,1
06419_lr-0.png,1
06420_lr-0.png,1
06421_lr-0.png,1
06422_lr-0.png,0
06423_lr-0.png,1
06424_lr-0.png,0
06425_lr-0.png,1
06426_lr-0.png,0
06427_lr-0.png,0
06428_lr-0.png,0
06429_lr-0.png,1
06430_lr-0.png,1
06431_lr-0.png,1
06432_lr-0.png,0
06433_lr-0.png,0
06434_lr-0.png,1
06435_lr-0.png,0
06436_lr-0.png,1
06437_lr-0.png,1
06438_lr-0.png,1
06439_lr-0.png,0
06440_lr-0.png,1
06441_lr-0.png,1
06442_lr-0.png,1
06443_lr-0.png,1
06444_lr-0.png,0
06445_lr-0.png,0
06446_lr-0.png,0
06447_lr-0.png,0
06448_lr-0.png,1
06449_lr-0.png,0
06450_lr-0.png,0
06451_lr-0.png,0
06452_lr-0.png,0
06453_lr-0.png,0
06454_lr-0.png,0
06455_lr-0.png,1
06456_lr-0.png,0
06457_lr-0.png,1
06458_lr-0.png,1
06459_lr-0.png,0
06460_lr-0.png,0
06461_lr-0.png,1
06462_lr-0.png,1
06463_lr-0.png,1
06464_lr-0.png,1
06465_lr-0.png,1
06466_lr-0.png,1
06467_lr-0.png,0
06468_lr-0.png,0
06469_lr-0.png,0
06470_lr-0.png,1
06471_lr-0.png,0
06472_lr-0.png,0
06473_lr-0.png,0
06474_lr-0.png,1
06475_lr-0.png,0
06476_lr-0.png,0
06477_lr-0.png,1
06478_lr-0.png,0
06479_lr-0.png,0
06480_lr-0.png,0
06481_lr-0.png,1
06482_lr-0.png,1
06483_lr-0.png,0
06484_lr-0.png,0
06485_lr-0.png,1
06486_lr-0.png,0
06487_lr-0.png,0
06488_lr-0.png,1
06489_lr-0.png,1
06490_lr-0.png,0
06491_lr-0.png,0
06492_lr-0.png,1
06493_lr-0.png,1
06494_lr-0.png,0
06495_lr-0.png,0
06496_lr-0.png,1
06497_lr-0.png,1
06498_lr-0.png,1
06499_lr-0.png,1
06500_lr-0.png,0
06501_lr-0.png,1
06502_lr-0.png,1
06503_lr-0.png,1
06504_lr-0.png,0
06505_lr-0.png,0
06506_lr-0.png,0
06507_lr-0.png,0
06508_lr-0.png,0
06509_lr-0.png,0
06510_lr-0.png,0
06511_lr-0.png,0
06512_lr-0.png,0
06513_lr-0.png,1
06514_lr-0.png,1
06515_lr-0.png,0
06516_lr-0.png,1
06517_lr-0.png,0
06518_lr-0.png,1
06519_lr-0.png,0
06520_lr-0.png,0
06521_lr-0.png,0
06522_lr-0.png,0
06523_lr-0.png,0
06524_lr-0.png,1
06525_lr-0.png,1
06526_lr-0.png,0
06527_lr-0.png,0
06528_lr-0.png,1
06529_lr-0.png,1
06530_lr-0.png,0
06531_lr-0.png,0
06532_lr-0.png,0
06533_lr-0.png,0
06534_lr-0.png,1
06535_lr-0.png,1
06536_lr-0.png,0
06537_lr-0.png,0
06538_lr-0.png,0
06539_lr-0.png,1
06540_lr-0.png,0
06541_lr-0.png,1
06542_lr-0.png,0
06543_lr-0.png,0
06544_lr-0.png,0
06545_lr-0.png,0
06546_lr-0.png,0
06547_lr-0.png,0
06548_lr-0.png,0
06549_lr-0.png,1
06550_lr-0.png,1
06551_lr-0.png,0
06552_lr-0.png,0
06553_lr-0.png,1
06554_lr-0.png,0
06555_lr-0.png,1
06556_lr-0.png,0
06557_lr-0.png,0
06558_lr-0.png,0
06559_lr-0.png,0
06560_lr-0.png,0
06561_lr-0.png,0
06562_lr-0.png,0
06563_lr-0.png,0
06564_lr-0.png,1
06565_lr-0.png,1
06566_lr-0.png,1
06567_lr-0.png,1
06568_lr-0.png,1
06569_lr-0.png,0
06570_lr-0.png,1
06571_lr-0.png,1
06572_lr-0.png,0
06573_lr-0.png,1
06574_lr-0.png,1
06575_lr-0.png,0
06576_lr-0.png,0
06577_lr-0.png,1
06578_lr-0.png,0
06579_lr-0.png,0
06580_lr-0.png,0
06581_lr-0.png,0
06582_lr-0.png,0
06583_lr-0.png,1
06584_lr-0.png,1
06585_lr-0.png,0
06586_lr-0.png,0
06587_lr-0.png,1
06588_lr-0.png,0
06589_lr-0.png,0
06590_lr-0.png,0
06591_lr-0.png,0
06592_lr-0.png,0
06593_lr-0.png,1
06594_lr-0.png,0
06595_lr-0.png,0
06596_lr-0.png,0
06597_lr-0.png,1
06598_lr-0.png,1
06599_lr-0.png,0
06600_lr-0.png,1
06601_lr-0.png,1
06602_lr-0.png,0
06603_lr-0.png,1
06604_lr-0.png,1
06605_lr-0.png,0
06606_lr-0.png,0
06607_lr-0.png,0
06608_lr-0.png,0
06609_lr-0.png,0
06610_lr-0.png,1
06611_lr-0.png,1
06612_lr-0.png,1
06613_lr-0.png,1
06614_lr-0.png,1
06615_lr-0.png,0
06616_lr-0.png,0
06617_lr-0.png,1
06618_lr-0.png,1
06619_lr-0.png,1
06620_lr-0.png,1
06621_lr-0.png,0
06622_lr-0.png,1
06623_lr-0.png,1
06624_lr-0.png,0
06625_lr-0.png,0
06626_lr-0.png,1
06627_lr-0.png,0
06628_lr-0.png,0
06629_lr-0.png,0
06630_lr-0.png,0
06631_lr-0.png,0
06632_lr-0.png,0
06633_lr-0.png,0
06634_lr-0.png,0
06635_lr-0.png,0
06636_lr-0.png,1
06637_lr-0.png,1
06638_lr-0.png,0
06639_lr-0.png,1
06640_lr-0.png,1
06641_lr-0.png,1
06642_lr-0.png,0
06643_lr-0.png,0
06644_lr-0.png,0
06645_lr-0.png,1
06646_lr-0.png,1
06647_lr-0.png,0
06648_lr-0.png,0
06649_lr-0.png,0
06650_lr-0.png,1
06651_lr-0.png,1
06652_lr-0.png,0
06653_lr-0.png,1
06654_lr-0.png,0
06655_lr-0.png,1
06656_lr-0.png,1
06657_lr-0.png,1
06658_lr-0.png,1
06659_lr-0.png,1
06660_lr-0.png,1
06661_lr-0.png,0
06662_lr-0.png,0
06663_lr-0.png,0
06664_lr-0.png,0
06665_lr-0.png,0
06666_lr-0.png,0
06667_lr-0.png,1
06668_lr-0.png,1
06669_lr-0.png,0
06670_lr-0.png,1
06671_lr-0.png,0
06672_lr-0.png,1
06673_lr-0.png,0
06674_lr-0.png,1
06675_lr-0.png,0
06676_lr-0.png,0
06677_lr-0.png,0
06678_lr-0.png,0
06679_lr-0.png,1
06680_lr-0.png,0
06681_lr-0.png,0
06682_lr-0.png,1
06683_lr-0.png,0
06684_lr-0.png,0
06685_lr-0.png,0
06686_lr-0.png,1
06687_lr-0.png,1
06688_lr-0.png,1
06689_lr-0.png,1
06690_lr-0.png,0
06691_lr-0.png,0
06692_lr-0.png,0
06693_lr-0.png,0
06694_lr-0.png,1
06695_lr-0.png,0
06696_lr-0.png,1
06697_lr-0.png,0
06698_lr-0.png,0
06699_lr-0.png,1
06700_lr-0.png,1
06701_lr-0.png,0
06702_lr-0.png,0
06703_lr-0.png,0
06704_lr-0.png,0
06705_lr-0.png,0
06706_lr-0.png,0
06707_lr-0.png,1
06708_lr-0.png,0
06709_lr-0.png,0
06710_lr-0.png,0
06711_lr-0.png,0
06712_lr-0.png,0
06713_lr-0.png,1
06714_lr-0.png,0
06715_lr-0.png,0
06716_lr-0.png,0
06717_lr-0.png,1
06718_lr-0.png,0
06719_lr-0.png,0
06720_lr-0.png,1
06721_lr-0.png,0
06722_lr-0.png,0
06723_lr-0.png,1
06724_lr-0.png,1
06725_lr-0.png,1
06726_lr-0.png,0
06727_lr-0.png,0
06728_lr-0.png,1
06729_lr-0.png,1
06730_lr-0.png,1
06731_lr-0.png,0
06732_lr-0.png,0
06733_lr-0.png,1
06734_lr-0.png,1
06735_lr-0.png,0
06736_lr-0.png,0
06737_lr-0.png,1
06738_lr-0.png,0
06739_lr-0.png,1
06740_lr-0.png,1
06741_lr-0.png,1
06742_lr-0.png,1
06743_lr-0.png,1
06744_lr-0.png,1
06745_lr-0.png,1
06746_lr-0.png,0
06747_lr-0.png,0
06748_lr-0.png,1
06749_lr-0.png,1
06750_lr-0.png,0
06751_lr-0.png,0
06752_lr-0.png,1
06753_lr-0.png,1
06754_lr-0.png,0
06755_lr-0.png,0
06756_lr-0.png,0
06757_lr-0.png,1
06758_lr-0.png,1
06759_lr-0.png,0
06760_lr-0.png,0
06761_lr-0.png,0
06762_lr-0.png,0
06763_lr-0.png,1
06764_lr-0.png,0
06765_lr-0.png,1
06766_lr-0.png,0
06767_lr-0.png,0
06768_lr-0.png,1
06769_lr-0.png,0
06770_lr-0.png,0
06771_lr-0.png,1
06772_lr-0.png,1
06773_lr-0.png,0
06774_lr-0.png,1
06775_lr-0.png,1
06776_lr-0.png,1
06777_lr-0.png,0
06778_lr-0.png,0
06779_lr-0.png,1
06780_lr-0.png,1
06781_lr-0.png,0
06782_lr-0.png,1
06783_lr-0.png,0
06784_lr-0.png,0
06785_lr-0.png,0
06786_lr-0.png,0
06787_lr-0.png,1
06788_lr-0.png,0
06789_lr-0.png,1
06790_lr-0.png,0
06791_lr-0.png,1
06792_lr-0.png,0
06793_lr-0.png,0
06794_lr-0.png,0
06795_lr-0.png,0
06796_lr-0.png,0
06797_lr-0.png,0
06798_lr-0.png,1
06799_lr-0.png,1
06800_lr-0.png,0
06801_lr-0.png,0
06802_lr-0.png,1
06803_lr-0.png,0
06804_lr-0.png,0
06805_lr-0.png,0
06806_lr-0.png,0
06807_lr-0.png,0
06808_lr-0.png,0
06809_lr-0.png,0
06810_lr-0.png,0
06811_lr-0.png,1
06812_lr-0.png,0
06813_lr-0.png,1
06814_lr-0.png,1
06815_lr-0.png,1
06816_lr-0.png,0
06817_lr-0.png,0
06818_lr-0.png,0
06819_lr-0.png,0
06820_lr-0.png,1
06821_lr-0.png,0
06822_lr-0.png,0
06823_lr-0.png,1
06824_lr-0.png,0
06825_lr-0.png,0
06826_lr-0.png,0
06827_lr-0.png,0
06828_lr-0.png,0
06829_lr-0.png,0
06830_lr-0.png,1
06831_lr-0.png,0
06832_lr-0.png,1
06833_lr-0.png,0
06834_lr-0.png,0
06835_lr-0.png,0
06836_lr-0.png,1
06837_lr-0.png,1
06838_lr-0.png,0
06839_lr-0.png,1
06840_lr-0.png,0
06841_lr-0.png,0
06842_lr-0.png,0
06843_lr-0.png,1
06844_lr-0.png,0
06845_lr-0.png,1
06846_lr-0.png,0
06847_lr-0.png,0
06848_lr-0.png,1
06849_lr-0.png,0
06850_lr-0.png,0
06851_lr-0.png,0
06852_lr-0.png,0
06853_lr-0.png,1
06854_lr-0.png,1
06855_lr-0.png,1
06856_lr-0.png,0
06857_lr-0.png,0
06858_lr-0.png,0
06859_lr-0.png,0
06860_lr-0.png,1
06861_lr-0.png,1
06862_lr-0.png,1
06863_lr-0.png,0
06864_lr-0.png,0
06865_lr-0.png,1
06866_lr-0.png,0
06867_lr-0.png,1
06868_lr-0.png,0
06869_lr-0.png,1
06870_lr-0.png,1
06871_lr-0.png,1
06872_lr-0.png,0
06873_lr-0.png,0
06874_lr-0.png,1
06875_lr-0.png,1
06876_lr-0.png,0
06877_lr-0.png,0
06878_lr-0.png,1
06879_lr-0.png,1
06880_lr-0.png,0
06881_lr-0.png,1
06882_lr-0.png,1
06883_lr-0.png,1
06884_lr-0.png,0
06885_lr-0.png,0
06886_lr-0.png,1
06887_lr-0.png,0
06888_lr-0.png,1
06889_lr-0.png,0
06890_lr-0.png,1
06891_lr-0.png,0
06892_lr-0.png,0
06893_lr-0.png,0
06894_lr-0.png,0
06895_lr-0.png,0
06896_lr-0.png,1
06897_lr-0.png,1
06898_lr-0.png,1
06899_lr-0.png,1
06900_lr-0.png,1
06901_lr-0.png,0
06902_lr-0.png,1
06903_lr-0.png,0
06904_lr-0.png,0
06905_lr-0.png,0
06906_lr-0.png,0
06907_lr-0.png,0
06908_lr-0.png,0
06909_lr-0.png,1
06910_lr-0.png,0
06911_lr-0.png,1
06912_lr-0.png,0
06913_lr-0.png,0
06914_lr-0.png,1
06915_lr-0.png,0
06916_lr-0.png,1
06917_lr-0.png,0
06918_lr-0.png,0
06919_lr-0.png,0
06920_lr-0.png,0
06921_lr-0.png,1
06922_lr-0.png,0
06923_lr-0.png,1
06924_lr-0.png,1
06925_lr-0.png,0
06926_lr-0.png,0
06927_lr-0.png,0
06928_lr-0.png,1
06929_lr-0.png,0
06930_lr-0.png,1
06931_lr-0.png,1
06932_lr-0.png,0
06933_lr-0.png,1
06934_lr-0.png,1
06935_lr-0.png,0
06936_lr-0.png,0
06937_lr-0.png,0
06938_lr-0.png,0
06939_lr-0.png,1
06940_lr-0.png,0
06941_lr-0.png,0
06942_lr-0.png,1
06943_lr-0.png,1
06944_lr-0.png,0
06945_lr-0.png,1
06946_lr-0.png,1
06947_lr-0.png,1
06948_lr-0.png,1
06949_lr-0.png,1
06950_lr-0.png,0
06951_lr-0.png,1
06952_lr-0.png,1
06953_lr-0.png,0
06954_lr-0.png,1
06955_lr-0.png,0
06956_lr-0.png,0
06957_lr-0.png,0
06958_lr-0.png,0
06959_lr-0.png,1
06960_lr-0.png,1
06961_lr-0.png,0
06962_lr-0.png,0
06963_lr-0.png,1
06964_lr-0.png,1
06965_lr-0.png,0
06966_lr-0.png,1
06967_lr-0.png,0
06968_lr-0.png,1
06969_lr-0.png,0
06970_lr-0.png,0
06971_lr-0.png,1
06972_lr-0.png,0
06973_lr-0.png,1
06974_lr-0.png,0
06975_lr-0.png,0
06976_lr-0.png,0
06977_lr-0.png,0
06978_lr-0.png,1
06979_lr-0.png,1
06980_lr-0.png,1
06981_lr-0.png,1
06982_lr-0.png,1
06983_lr-0.png,1
06984_lr-0.png,0
06985_lr-0.png,1
06986_lr-0.png,1
06987_lr-0.png,0
06988_lr-0.png,0
06989_lr-0.png,0
06990_lr-0.png,1
06991_lr-0.png,0
06992_lr-0.png,0
06993_lr-0.png,0
06994_lr-0.png,0
06995_lr-0.png,0
06996_lr-0.png,1
06997_lr-0.png,1
06998_lr-0.png,1
06999_lr-0.png,1
07000_lr-0.png,0
07001_lr-0.png,0
07002_lr-0.png,0
07003_lr-0.png,0
07004_lr-0.png,1
07005_lr-0.png,0
07006_lr-0.png,0
07007_lr-0.png,1
07008_lr-0.png,1
07009_lr-0.png,0
07010_lr-0.png,0
07011_lr-0.png,1
07012_lr-0.png,0
07013_lr-0.png,0
07014_lr-0.png,0
07015_lr-0.png,0
07016_lr-0.png,0
07017_lr-0.png,0
07018_lr-0.png,1
07019_lr-0.png,0
07020_lr-0.png,0
07021_lr-0.png,1
07022_lr-0.png,0
07023_lr-0.png,0
07024_lr-0.png,0
07025_lr-0.png,0
07026_lr-0.png,1
07027_lr-0.png,0
07028_lr-0.png,0
07029_lr-0.png,0
07030_lr-0.png,0
07031_lr-0.png,1
07032_lr-0.png,1
07033_lr-0.png,0
07034_lr-0.png,1
07035_lr-0.png,0
07036_lr-0.png,0
07037_lr-0.png,0
07038_lr-0.png,0
07039_lr-0.png,1
07040_lr-0.png,0
07041_lr-0.png,0
07042_lr-0.png,1
07043_lr-0.png,0
07044_lr-0.png,1
07045_lr-0.png,1
07046_lr-0.png,0
07047_lr-0.png,1
07048_lr-0.png,0
07049_lr-0.png,0
07050_lr-0.png,0
07051_lr-0.png,1
07052_lr-0.png,0
07053_lr-0.png,1
07054_lr-0.png,0
07055_lr-0.png,0
07056_lr-0.png,1
07057_lr-0.png,0
07058_lr-0.png,1
07059_lr-0.png,1
07060_lr-0.png,1
07061_lr-0.png,0
07062_lr-0.png,0
07063_lr-0.png,0
07064_lr-0.png,0
07065_lr-0.png,0
07066_lr-0.png,0
07067_lr-0.png,0
07068_lr-0.png,1
07069_lr-0.png,1
07070_lr-0.png,1
07071_lr-0.png,1
07072_lr-0.png,0
07073_lr-0.png,0
07074_lr-0.png,1
07075_lr-0.png,0
07076_lr-0.png,0
07077_lr-0.png,1
07078_lr-0.png,1
07079_lr-0.png,0
07080_lr-0.png,1
07081_lr-0.png,0
07082_lr-0.png,1
07083_lr-0.png,0
07084_lr-0.png,1
07085_lr-0.png,1
07086_lr-0.png,1
07087_lr-0.png,1
07088_lr-0.png,1
07089_lr-0.png,1
07090_lr-0.png,0
07091_lr-0.png,1
07092_lr-0.png,1
07093_lr-0.png,0
07094_lr-0.png,0
07095_lr-0.png,0
07096_lr-0.png,1
07097_lr-0.png,0
07098_lr-0.png,0
07099_lr-0.png,1
07100_lr-0.png,1
07101_lr-0.png,1
07102_lr-0.png,0
07103_lr-0.png,1
07104_lr-0.png,0
07105_lr-0.png,0
07106_lr-0.png,1
07107_lr-0.png,0
07108_lr-0.png,1
07109_lr-0.png,1
07110_lr-0.png,0
07111_lr-0.png,0
07112_lr-0.png,0
07113_lr-0.png,1
07114_lr-0.png,0
07115_lr-0.png,1
07116_lr-0.png,0
07117_lr-0.png,0
07118_lr-0.png,0
07119_lr-0.png,0
07120_lr-0.png,0
07121_lr-0.png,0
07122_lr-0.png,0
07123_lr-0.png,0
07124_lr-0.png,1
07125_lr-0.png,1
07126_lr-0.png,1
07127_lr-0.png,1
07128_lr-0.png,1
07129_lr-0.png,1
07130_lr-0.png,0
07131_lr-0.png,1
07132_lr-0.png,0
07133_lr-0.png,1
07134_lr-0.png,0
07135_lr-0.png,0
07136_lr-0.png,0
07137_lr-0.png,0
07138_lr-0.png,0
07139_lr-0.png,0
07140_lr-0.png,0
07141_lr-0.png,0
07142_lr-0.png,0
07143_lr-0.png,0
07144_lr-0.png,1
07145_lr-0.png,0
07146_lr-0.png,0
07147_lr-0.png,1
07148_lr-0.png,0
07149_lr-0.png,0
07150_lr-0.png,1
07151_lr-0.png,1
07152_lr-0.png,0
07153_lr-0.png,0
07154_lr-0.png,1
07155_lr-0.png,0
07156_lr-0.png,1
07157_lr-0.png,0
07158_lr-0.png,0
07159_lr-0.png,0
07160_lr-0.png,0
07161_lr-0.png,1
07162_lr-0.png,0
07163_lr-0.png,0
07164_lr-0.png,1
07165_lr-0.png,0
07166_lr-0.png,0
07167_lr-0.png,0
07168_lr-0.png,0
07169_lr-0.png,0
07170_lr-0.png,1
07171_lr-0.png,1
07172_lr-0.png,0
07173_lr-0.png,1
07174_lr-0.png,0
07175_lr-0.png,0
07176_lr-0.png,0
07177_lr-0.png,0
07178_lr-0.png,0
07179_lr-0.png,0
07180_lr-0.png,1
07181_lr-0.png,0
07182_lr-0.png,1
07183_lr-0.png,0
07184_lr-0.png,1
07185_lr-0.png,1
07186_lr-0.png,1
07187_lr-0.png,0
07188_lr-0.png,0
07189_lr-0.png,0
07190_lr-0.png,1
07191_lr-0.png,0
07192_lr-0.png,0
07193_lr-0.png,0
07194_lr-0.png,0
07195_lr-0.png,0
07196_lr-0.png,0
07197_lr-0.png,1
07198_lr-0.png,0
07199_lr-0.png,0
07200_lr-0.png,0
07201_lr-0.png,1
07202_lr-0.png,1
07203_lr-0.png,1
07204_lr-0.png,0
07205_lr-0.png,1
07206_lr-0.png,0
07207_lr-0.png,1
07208_lr-0.png,0
07209_lr-0.png,0
07210_lr-0.png,0
07211_lr-0.png,0
07212_lr-0.png,0
07213_lr-0.png,1
07214_lr-0.png,1
07215_lr-0.png,0
07216_lr-0.png,0
07217_lr-0.png,1
07218_lr-0.png,1
07219_lr-0.png,1
07220_lr-0.png,1
07221_lr-0.png,0
07222_lr-0.png,0
07223_lr-0.png,0
07224_lr-0.png,0
07225_lr-0.png,1
07226_lr-0.png,0
07227_lr-0.png,0
07228_lr-0.png,0
07229_lr-0.png,0
07230_lr-0.png,0
07231_lr-0.png,1
07232_lr-0.png,0
07233_lr-0.png,0
07234_lr-0.png,0
07235_lr-0.png,0
07236_lr-0.png,1
07237_lr-0.png,0
07238_lr-0.png,0
07239_lr-0.png,0
07240_lr-0.png,1
07241_lr-0.png,0
07242_lr-0.png,0
07243_lr-0.png,0
07244_lr-0.png,0
07245_lr-0.png,1
07246_lr-0.png,0
07247_lr-0.png,1
07248_lr-0.png,0
07249_lr-0.png,0
07250_lr-0.png,0
07251_lr-0.png,0
07252_lr-0.png,0
07253_lr-0.png,0
07254_lr-0.png,1
07255_lr-0.png,0
07256_lr-0.png,1
07257_lr-0.png,1
07258_lr-0.png,1
07259_lr-0.png,0
07260_lr-0.png,0
07261_lr-0.png,0
07262_lr-0.png,1
07263_lr-0.png,1
07264_lr-0.png,0
07265_lr-0.png,0
07266_lr-0.png,0
07267_lr-0.png,0
07268_lr-0.png,1
07269_lr-0.png,1
07270_lr-0.png,0
07271_lr-0.png,0
07272_lr-0.png,1
07273_lr-0.png,1
07274_lr-0.png,0
07275_lr-0.png,1
07276_lr-0.png,0
07277_lr-0.png,0
07278_lr-0.png,0
07279_lr-0.png,1
07280_lr-0.png,0
07281_lr-0.png,0
07282_lr-0.png,0
07283_lr-0.png,0
07284_lr-0.png,0
07285_lr-0.png,0
07286_lr-0.png,0
07287_lr-0.png,0
07288_lr-0.png,1
07289_lr-0.png,0
07290_lr-0.png,1
07291_lr-0.png,0
07292_lr-0.png,1
07293_lr-0.png,0
07294_lr-0.png,1
07295_lr-0.png,0
07296_lr-0.png,0
07297_lr-0.png,0
07298_lr-0.png,0
07299_lr-0.png,0
07300_lr-0.png,0
07301_lr-0.png,1
07302_lr-0.png,0
07303_lr-0.png,0
07304_lr-0.png,0
07305_lr-0.png,1
07306_lr-0.png,0
07307_lr-0.png,0
07308_lr-0.png,0
07309_lr-0.png,1
07310_lr-0.png,0
07311_lr-0.png,0
07312_lr-0.png,0
07313_lr-0.png,0
07314_lr-0.png,0
07315_lr-0.png,0
07316_lr-0.png,0
07317_lr-0.png,0
07318_lr-0.png,0
07319_lr-0.png,0
07320_lr-0.png,1
07321_lr-0.png,0
07322_lr-0.png,1
07323_lr-0.png,1
07324_lr-0.png,0
07325_lr-0.png,0
07326_lr-0.png,0
07327_lr-0.png,0
07328_lr-0.png,1
07329_lr-0.png,1
07330_lr-0.png,0
07331_lr-0.png,0
07332_lr-0.png,1
07333_lr-0.png,0
07334_lr-0.png,1
07335_lr-0.png,0
07336_lr-0.png,0
07337_lr-0.png,1
07338_lr-0.png,1
07339_lr-0.png,0
07340_lr-0.png,1
07341_lr-0.png,1
07342_lr-0.png,0
07343_lr-0.png,1
07344_lr-0.png,1
07345_lr-0.png,0
07346_lr-0.png,1
07347_lr-0.png,1
07348_lr-0.png,1
07349_lr-0.png,0
07350_lr-0.png,0
07351_lr-0.png,1
07352_lr-0.png,1
07353_lr-0.png,1
07354_lr-0.png,0
07355_lr-0.png,1
07356_lr-0.png,0
07357_lr-0.png,0
07358_lr-0.png,0
07359_lr-0.png,1
07360_lr-0.png,0
07361_lr-0.png,0
07362_lr-0.png,1
07363_lr-0.png,1
07364_lr-0.png,1
07365_lr-0.png,0
07366_lr-0.png,0
07367_lr-0.png,0
07368_lr-0.png,1
07369_lr-0.png,1
07370_lr-0.png,0
07371_lr-0.png,1
07372_lr-0.png,1
07373_lr-0.png,0
07374_lr-0.png,0
07375_lr-0.png,1
07376_lr-0.png,1
07377_lr-0.png,1
07378_lr-0.png,0
07379_lr-0.png,0
07380_lr-0.png,1
07381_lr-0.png,1
07382_lr-0.png,1
07383_lr-0.png,1
07384_lr-0.png,1
07385_lr-0.png,1
07386_lr-0.png,0
07387_lr-0.png,0
07388_lr-0.png,0
07389_lr-0.png,0
07390_lr-0.png,0
07391_lr-0.png,0
07392_lr-0.png,1
07393_lr-0.png,0
07394_lr-0.png,1
07395_lr-0.png,1
07396_lr-0.png,1
07397_lr-0.png,1
07398_lr-0.png,1
07399_lr-0.png,0
07400_lr-0.png,0
07401_lr-0.png,1
07402_lr-0.png,0
07403_lr-0.png,0
07404_lr-0.png,0
07405_lr-0.png,0
07406_lr-0.png,1
07407_lr-0.png,0
07408_lr-0.png,0
07409_lr-0.png,0
07410_lr-0.png,0
07411_lr-0.png,0
07412_lr-0.png,0
07413_lr-0.png,1
07414_lr-0.png,1
07415_lr-0.png,1
07416_lr-0.png,1
07417_lr-0.png,1
07418_lr-0.png,0
07419_lr-0.png,0
07420_lr-0.png,1
07421_lr-0.png,1
07422_lr-0.png,1
07423_lr-0.png,0
07424_lr-0.png,0
07425_lr-0.png,1
07426_lr-0.png,0
07427_lr-0.png,1
07428_lr-0.png,0
07429_lr-0.png,0
07430_lr-0.png,1
07431_lr-0.png,0
07432_lr-0.png,0
07433_lr-0.png,0
07434_lr-0.png,0
07435_lr-0.png,1
07436_lr-0.png,1
07437_lr-0.png,0
07438_lr-0.png,0
07439_lr-0.png,1
07440_lr-0.png,0
07441_lr-0.png,0
07442_lr-0.png,0
07443_lr-0.png,1
07444_lr-0.png,0
07445_lr-0.png,0
07446_lr-0.png,0
07447_lr-0.png,1
07448_lr-0.png,0
07449_lr-0.png,1
07450_lr-0.png,0
07451_lr-0.png,0
07452_lr-0.png,0
07453_lr-0.png,1
07454_lr-0.png,1
07455_lr-0.png,1
07456_lr-0.png,0
07457_lr-0.png,0
07458_lr-0.png,0
07459_lr-0.png,1
07460_lr-0.png,0
07461_lr-0.png,1
07462_lr-0.png,0
07463_lr-0.png,0
07464_lr-0.png,1
07465_lr-0.png,1
07466_lr-0.png,0
07467_lr-0.png,0
07468_lr-0.png,0
07469_lr-0.png,1
07470_lr-0.png,1
07471_lr-0.png,0
07472_lr-0.png,1
07473_lr-0.png,0
07474_lr-0.png,0
07475_lr-0.png,1
07476_lr-0.png,1
07477_lr-0.png,1
07478_lr-0.png,1
07479_lr-0.png,1
07480_lr-0.png,0
07481_lr-0.png,0
07482_lr-0.png,0
07483_lr-0.png,1
07484_lr-0.png,0
07485_lr-0.png,0
07486_lr-0.png,0
07487_lr-0.png,0
07488_lr-0.png,0
07489_lr-0.png,0
07490_lr-0.png,1
07491_lr-0.png,1
07492_lr-0.png,0
07493_lr-0.png,0
07494_lr-0.png,1
07495_lr-0.png,0
07496_lr-0.png,1
07497_lr-0.png,0
07498_lr-0.png,0
07499_lr-0.png,1
07500_lr-0.png,0
07501_lr-0.png,0
07502_lr-0.png,0
07503_lr-0.png,0
07504_lr-0.png,0
07505_lr-0.png,0
07506_lr-0.png,0
07507_lr-0.png,1
07508_lr-0.png,0
07509_lr-0.png,0
07510_lr-0.png,0
07511_lr-0.png,0
07512_lr-0.png,0
07513_lr-0.png,1
07514_lr-0.png,0
07515_lr-0.png,0
07516_lr-0.png,0
07517_lr-0.png,0
07518_lr-0.png,0
07519_lr-0.png,0
07520_lr-0.png,1
07521_lr-0.png,0
07522_lr-0.png,0
07523_lr-0.png,0
07524_lr-0.png,0
07525_lr-0.png,0
07526_lr-0.png,0
07527_lr-0.png,0
07528_lr-0.png,0
07529_lr-0.png,0
07530_lr-0.png,1
07531_lr-0.png,0
07532_lr-0.png,1
07533_lr-0.png,0
07534_lr-0.png,0
07535_lr-0.png,1
07536_lr-0.png,0
07537_lr-0.png,0
07538_lr-0.png,0
07539_lr-0.png,0
07540_lr-0.png,1
07541_lr-0.png,0
07542_lr-0.png,0
07543_lr-0.png,1
07544_lr-0.png,1
07545_lr-0.png,1
07546_lr-0.png,0
07547_lr-0.png,1
07548_lr-0.png,0
07549_lr-0.png,0
07550_lr-0.png,0
07551_lr-0.png,1
07552_lr-0.png,0
07553_lr-0.png,1
07554_lr-0.png,0
07555_lr-0.png,1
07556_lr-0.png,1
07557_lr-0.png,0
07558_lr-0.png,1
07559_lr-0.png,1
07560_lr-0.png,1
07561_lr-0.png,1
07562_lr-0.png,1
07563_lr-0.png,1
07564_lr-0.png,1
07565_lr-0.png,0
07566_lr-0.png,1
07567_lr-0.png,0
07568_lr-0.png,1
07569_lr-0.png,0
07570_lr-0.png,1
07571_lr-0.png,0
07572_lr-0.png,0
07573_lr-0.png,0
07574_lr-0.png,1
07575_lr-0.png,0
07576_lr-0.png,1
07577_lr-0.png,1
07578_lr-0.png,1
07579_lr-0.png,0
07580_lr-0.png,1
07581_lr-0.png,1
07582_lr-0.png,0
07583_lr-0.png,1
07584_lr-0.png,0
07585_lr-0.png,1
07586_lr-0.png,1
07587_lr-0.png,0
07588_lr-0.png,0
07589_lr-0.png,1
07590_lr-0.png,1
07591_lr-0.png,0
07592_lr-0.png,0
07593_lr-0.png,0
07594_lr-0.png,1
07595_lr-0.png,0
07596_lr-0.png,1
07597_lr-0.png,1
07598_lr-0.png,0
07599_lr-0.png,1
07600_lr-0.png,0
07601_lr-0.png,0
07602_lr-0.png,1
07603_lr-0.png,0
07604_lr-0.png,0
07605_lr-0.png,0
07606_lr-0.png,1
07607_lr-0.png,0
07608_lr-0.png,1
07609_lr-0.png,1
07610_lr-0.png,0
07611_lr-0.png,0
07612_lr-0.png,0
07613_lr-0.png,0
07614_lr-0.png,0
07615_lr-0.png,1
07616_lr-0.png,1
07617_lr-0.png,0
07618_lr-0.png,0
07619_lr-0.png,0
07620_lr-0.png,1
07621_lr-0.png,1
07622_lr-0.png,0
07623_lr-0.png,1
07624_lr-0.png,0
07625_lr-0.png,0
07626_lr-0.png,1
07627_lr-0.png,1
07628_lr-0.png,1
07629_lr-0.png,0
07630_lr-0.png,0
07631_lr-0.png,0
07632_lr-0.png,1
07633_lr-0.png,1
07634_lr-0.png,1
07635_lr-0.png,1
07636_lr-0.png,1
07637_lr-0.png,0
07638_lr-0.png,0
07639_lr-0.png,0
07640_lr-0.png,1
07641_lr-0.png,1
07642_lr-0.png,1
07643_lr-0.png,0
07644_lr-0.png,1
07645_lr-0.png,0
07646_lr-0.png,0
07647_lr-0.png,1
07648_lr-0.png,1
07649_lr-0.png,1
07650_lr-0.png,1
07651_lr-0.png,1
07652_lr-0.png,0
07653_lr-0.png,0
07654_lr-0.png,0
07655_lr-0.png,0
07656_lr-0.png,1
07657_lr-0.png,0
07658_lr-0.png,0
07659_lr-0.png,1
07660_lr-0.png,0
07661_lr-0.png,0
07662_lr-0.png,1
07663_lr-0.png,1
07664_lr-0.png,0
07665_lr-0.png,0
07666_lr-0.png,1
07667_lr-0.png,0
07668_lr-0.png,0
07669_lr-0.png,1
07670_lr-0.png,0
07671_lr-0.png,1
07672_lr-0.png,1
07673_lr-0.png,0
07674_lr-0.png,0
07675_lr-0.png,1
07676_lr-0.png,0
07677_lr-0.png,0
07678_lr-0.png,0
07679_lr-0.png,1
07680_lr-0.png,1
07681_lr-0.png,1
07682_lr-0.png,0
07683_lr-0.png,0
07684_lr-0.png,0
07685_lr-0.png,0
07686_lr-0.png,0
07687_lr-0.png,0
07688_lr-0.png,0
07689_lr-0.png,1
07690_lr-0.png,0
07691_lr-0.png,1
07692_lr-0.png,0
07693_lr-0.png,0
07694_lr-0.png,1
07695_lr-0.png,1
07696_lr-0.png,1
07697_lr-0.png,0
07698_lr-0.png,1
07699_lr-0.png,0
07700_lr-0.png,0
07701_lr-0.png,1
07702_lr-0.png,1
07703_lr-0.png,0
07704_lr-0.png,1
07705_lr-0.png,0
07706_lr-0.png,0
07707_lr-0.png,0
07708_lr-0.png,0
07709_lr-0.png,1
07710_lr-0.png,1
07711_lr-0.png,1
07712_lr-0.png,1
07713_lr-0.png,0
07714_lr-0.png,1
07715_lr-0.png,1
07716_lr-0.png,0
07717_lr-0.png,1
07718_lr-0.png,1
07719_lr-0.png,1
07720_lr-0.png,0
07721_lr-0.png,1
07722_lr-0.png,1
07723_lr-0.png,0
07724_lr-0.png,1
07725_lr-0.png,0
07726_lr-0.png,0
07727_lr-0.png,0
07728_lr-0.png,0
07729_lr-0.png,0
07730_lr-0.png,1
07731_lr-0.png,0
07732_lr-0.png,0
07733_lr-0.png,1
07734_lr-0.png,0
07735_lr-0.png,1
07736_lr-0.png,0
07737_lr-0.png,0
07738_lr-0.png,0
07739_lr-0.png,1
07740_lr-0.png,1
07741_lr-0.png,0
07742_lr-0.png,0
07743_lr-0.png,0
07744_lr-0.png,0
07745_lr-0.png,0
07746_lr-0.png,0
07747_lr-0.png,0
07748_lr-0.png,1
07749_lr-0.png,0
07750_lr-0.png,1
07751_lr-0.png,0
07752_lr-0.png,1
07753_lr-0.png,0
07754_lr-0.png,1
07755_lr-0.png,0
07756_lr-0.png,0
07757_lr-0.png,1
07758_lr-0.png,1
07759_lr-0.png,0
07760_lr-0.png,0
07761_lr-0.png,1
07762_lr-0.png,1
07763_lr-0.png,0
07764_lr-0.png,1
07765_lr-0.png,1
07766_lr-0.png,1
07767_lr-0.png,0
07768_lr-0.png,1
07769_lr-0.png,0
07770_lr-0.png,1
07771_lr-0.png,1
07772_lr-0.png,1
07773_lr-0.png,1
07774_lr-0.png,0
07775_lr-0.png,1
07776_lr-0.png,0
07778_lr-0.png,0
07780_lr-0.png,0
07781_lr-0.png,0
07783_lr-0.png,0
07784_lr-0.png,1
07785_lr-0.png,0
07786_lr-0.png,0
07787_lr-0.png,1
07788_lr-0.png,1
07789_lr-0.png,1
07790_lr-0.png,0
07791_lr-0.png,0
07792_lr-0.png,0
07793_lr-0.png,1
07794_lr-0.png,0
07795_lr-0.png,1
07796_lr-0.png,0
07797_lr-0.png,1
07798_lr-0.png,0
07799_lr-0.png,0
07800_lr-0.png,1
07801_lr-0.png,0
07802_lr-0.png,0
07803_lr-0.png,1
07804_lr-0.png,0
07805_lr-0.png,1
07806_lr-0.png,0
07807_lr-0.png,0
07808_lr-0.png,1
07809_lr-0.png,0
07810_lr-0.png,0
07811_lr-0.png,0
07812_lr-0.png,0
07813_lr-0.png,0
07814_lr-0.png,0
07815_lr-0.png,0
07816_lr-0.png,0
07817_lr-0.png,0
07818_lr-0.png,1
07819_lr-0.png,1
07820_lr-0.png,0
07821_lr-0.png,0
07822_lr-0.png,0
07823_lr-0.png,0
07824_lr-0.png,0
07825_lr-0.png,0
07826_lr-0.png,0
07827_lr-0.png,0
07828_lr-0.png,0
07829_lr-0.png,0
07830_lr-0.png,1
07831_lr-0.png,0
07832_lr-0.png,1
07833_lr-0.png,1
07834_lr-0.png,1
07835_lr-0.png,0
07836_lr-0.png,1
07837_lr-0.png,0
07838_lr-0.png,0
07839_lr-0.png,1
07840_lr-0.png,1
07841_lr-0.png,0
07842_lr-0.png,1
07843_lr-0.png,1
07844_lr-0.png,0
07845_lr-0.png,1
07846_lr-0.png,0
07847_lr-0.png,1
07848_lr-0.png,1
07849_lr-0.png,1
07850_lr-0.png,1
07851_lr-0.png,0
07852_lr-0.png,0
07853_lr-0.png,1
07854_lr-0.png,1
07855_lr-0.png,1
07856_lr-0.png,0
07857_lr-0.png,0
07858_lr-0.png,0
07859_lr-0.png,0
07860_lr-0.png,0
07861_lr-0.png,0
07862_lr-0.png,0
07863_lr-0.png,1
07864_lr-0.png,0
07865_lr-0.png,0
07866_lr-0.png,0
07867_lr-0.png,0
07868_lr-0.png,0
07869_lr-0.png,1
07870_lr-0.png,1
07871_lr-0.png,1
07872_lr-0.png,1
07873_lr-0.png,0
07874_lr-0.png,1
07875_lr-0.png,1
07876_lr-0.png,0
07877_lr-0.png,0
07878_lr-0.png,0
07879_lr-0.png,1
07880_lr-0.png,1
07881_lr-0.png,0
07882_lr-0.png,0
07883_lr-0.png,1
07884_lr-0.png,0
07885_lr-0.png,0
07886_lr-0.png,1
07887_lr-0.png,0
07888_lr-0.png,0
07889_lr-0.png,0
07890_lr-0.png,0
07891_lr-0.png,1
07892_lr-0.png,1
07893_lr-0.png,0
07894_lr-0.png,1
07895_lr-0.png,0
07896_lr-0.png,0
07897_lr-0.png,0
07898_lr-0.png,1
07899_lr-0.png,1
07900_lr-0.png,1
07901_lr-0.png,1
07902_lr-0.png,0
07903_lr-0.png,1
07904_lr-0.png,0
07905_lr-0.png,1
07906_lr-0.png,0
07907_lr-0.png,0
07908_lr-0.png,1
07909_lr-0.png,0
07910_lr-0.png,1
07911_lr-0.png,1
07912_lr-0.png,0
07913_lr-0.png,1
07914_lr-0.png,1
07915_lr-0.png,0
07916_lr-0.png,0
07917_lr-0.png,1
07918_lr-0.png,1
07919_lr-0.png,0
07920_lr-0.png,1
07921_lr-0.png,1
07922_lr-0.png,1
07923_lr-0.png,1
07924_lr-0.png,1
07925_lr-0.png,1
07926_lr-0.png,0
07927_lr-0.png,0
07928_lr-0.png,1
07929_lr-0.png,1
07930_lr-0.png,0
07931_lr-0.png,1
07932_lr-0.png,1
07933_lr-0.png,1
07934_lr-0.png,1
07935_lr-0.png,1
07936_lr-0.png,0
07937_lr-0.png,1
07938_lr-0.png,1
07939_lr-0.png,0
07940_lr-0.png,0
07941_lr-0.png,1
07942_lr-0.png,1
07943_lr-0.png,0
07944_lr-0.png,1
07945_lr-0.png,0
07946_lr-0.png,0
07947_lr-0.png,0
07948_lr-0.png,1
07949_lr-0.png,1
07950_lr-0.png,1
07951_lr-0.png,0
07952_lr-0.png,0
07953_lr-0.png,0
07954_lr-0.png,1
07955_lr-0.png,1
07956_lr-0.png,1
07957_lr-0.png,0
07958_lr-0.png,1
07959_lr-0.png,0
07960_lr-0.png,0
07961_lr-0.png,0
07962_lr-0.png,0
07963_lr-0.png,0
07964_lr-0.png,1
07965_lr-0.png,1
07966_lr-0.png,0
07967_lr-0.png,0
07968_lr-0.png,1
07969_lr-0.png,1
07970_lr-0.png,0
07971_lr-0.png,0
07972_lr-0.png,1
07973_lr-0.png,0
07974_lr-0.png,1
07975_lr-0.png,1
07976_lr-0.png,0
07977_lr-0.png,0
07978_lr-0.png,1
07979_lr-0.png,1
07980_lr-0.png,1
07981_lr-0.png,0
07982_lr-0.png,1
07983_lr-0.png,1
07984_lr-0.png,1
07985_lr-0.png,1
07986_lr-0.png,1
07987_lr-0.png,0
07988_lr-0.png,0
07989_lr-0.png,1
07990_lr-0.png,0
07991_lr-0.png,0
07992_lr-0.png,0
07993_lr-0.png,1
07994_lr-0.png,0
07995_lr-0.png,1
07996_lr-0.png,1
07997_lr-0.png,0
07998_lr-0.png,0
07999_lr-0.png,0
08000_lr-0.png,0
08001_lr-0.png,0
08002_lr-0.png,0
08003_lr-0.png,0
08004_lr-0.png,0
08005_lr-0.png,0
08006_lr-0.png,1
08007_lr-0.png,0
08008_lr-0.png,1
08009_lr-0.png,1
08010_lr-0.png,1
08011_lr-0.png,0
08012_lr-0.png,1
08013_lr-0.png,0
08014_lr-0.png,1
08015_lr-0.png,0
08016_lr-0.png,0
08017_lr-0.png,0
08018_lr-0.png,0
08019_lr-0.png,0
08020_lr-0.png,0
08021_lr-0.png,0
08022_lr-0.png,0
08023_lr-0.png,1
08024_lr-0.png,1
08025_lr-0.png,0
08026_lr-0.png,0
08027_lr-0.png,0
08028_lr-0.png,1
08029_lr-0.png,1
08030_lr-0.png,0
08031_lr-0.png,0
08032_lr-0.png,0
08033_lr-0.png,1
08034_lr-0.png,1
08035_lr-0.png,1
08036_lr-0.png,0
08037_lr-0.png,0
08038_lr-0.png,1
08039_lr-0.png,0
08040_lr-0.png,1
08041_lr-0.png,0
08042_lr-0.png,1
08043_lr-0.png,0
08044_lr-0.png,0
08045_lr-0.png,0
08046_lr-0.png,1
08047_lr-0.png,1
08048_lr-0.png,0
08049_lr-0.png,0
08050_lr-0.png,1
08051_lr-0.png,1
08052_lr-0.png,1
08053_lr-0.png,1
08054_lr-0.png,0
08055_lr-0.png,0
08056_lr-0.png,1
08057_lr-0.png,1
08058_lr-0.png,1
08059_lr-0.png,0
08060_lr-0.png,0
08061_lr-0.png,1
08062_lr-0.png,0
08063_lr-0.png,0
08064_lr-0.png,1
08065_lr-0.png,0
08066_lr-0.png,0
08067_lr-0.png,1
08068_lr-0.png,1
08069_lr-0.png,1
08070_lr-0.png,1
08071_lr-0.png,1
08072_lr-0.png,0
08073_lr-0.png,0
08074_lr-0.png,1
08075_lr-0.png,0
08076_lr-0.png,1
08077_lr-0.png,1
08078_lr-0.png,1
08079_lr-0.png,1
08080_lr-0.png,1
08081_lr-0.png,0
08082_lr-0.png,0
08083_lr-0.png,0
08084_lr-0.png,1
08085_lr-0.png,1
08086_lr-0.png,1
08087_lr-0.png,1
08088_lr-0.png,1
08089_lr-0.png,1
08090_lr-0.png,1
08091_lr-0.png,1
08092_lr-0.png,0
08093_lr-0.png,1
08094_lr-0.png,1
08095_lr-0.png,0
08096_lr-0.png,1
08097_lr-0.png,1
08098_lr-0.png,1
08099_lr-0.png,1
08100_lr-0.png,1
08101_lr-0.png,1
08102_lr-0.png,1
08103_lr-0.png,0
08104_lr-0.png,1
08105_lr-0.png,0
08106_lr-0.png,0
08107_lr-0.png,1
08108_lr-0.png,0
08109_lr-0.png,1
08110_lr-0.png,0
08111_lr-0.png,1
08112_lr-0.png,0
08113_lr-0.png,1
08114_lr-0.png,0
08115_lr-0.png,1
08116_lr-0.png,1
08117_lr-0.png,0
08118_lr-0.png,0
08119_lr-0.png,0
08120_lr-0.png,1
08121_lr-0.png,0
08122_lr-0.png,1
08123_lr-0.png,0
08124_lr-0.png,1
08125_lr-0.png,0
08126_lr-0.png,1
08127_lr-0.png,1
08128_lr-0.png,1
08129_lr-0.png,0
08130_lr-0.png,0
08131_lr-0.png,0
08132_lr-0.png,1
08133_lr-0.png,1
08134_lr-0.png,0
08135_lr-0.png,0
08136_lr-0.png,0
08137_lr-0.png,1
08138_lr-0.png,1
08139_lr-0.png,0
08140_lr-0.png,1
08141_lr-0.png,0
08142_lr-0.png,1
08143_lr-0.png,1
08144_lr-0.png,1
08145_lr-0.png,1
08146_lr-0.png,1
08147_lr-0.png,1
08148_lr-0.png,1
08149_lr-0.png,1
08150_lr-0.png,1
08151_lr-0.png,1
08152_lr-0.png,0
08153_lr-0.png,0
08154_lr-0.png,1
08155_lr-0.png,1
08156_lr-0.png,0
08157_lr-0.png,0
08158_lr-0.png,1
08159_lr-0.png,0
08160_lr-0.png,1
08161_lr-0.png,0
08162_lr-0.png,0
08163_lr-0.png,0
08164_lr-0.png,1
08165_lr-0.png,1
08166_lr-0.png,0
08167_lr-0.png,1
08168_lr-0.png,1
08169_lr-0.png,0
08170_lr-0.png,1
08171_lr-0.png,0
08172_lr-0.png,1
08173_lr-0.png,0
08174_lr-0.png,1
08175_lr-0.png,0
08176_lr-0.png,1
08177_lr-0.png,0
08178_lr-0.png,0
08179_lr-0.png,1
08180_lr-0.png,1
08181_lr-0.png,1
08182_lr-0.png,0
08183_lr-0.png,1
08184_lr-0.png,1
08185_lr-0.png,0
08186_lr-0.png,0
08187_lr-0.png,0
08188_lr-0.png,1
08189_lr-0.png,1
08190_lr-0.png,1
08191_lr-0.png,0
08192_lr-0.png,1
08193_lr-0.png,1
08194_lr-0.png,0
08195_lr-0.png,0
08196_lr-0.png,0
08197_lr-0.png,0
08198_lr-0.png,1
08199_lr-0.png,1
08200_lr-0.png,1
08201_lr-0.png,1
08202_lr-0.png,1
08203_lr-0.png,1
08204_lr-0.png,0
08205_lr-0.png,1
08206_lr-0.png,1
08207_lr-0.png,0
08208_lr-0.png,1
08209_lr-0.png,0
08210_lr-0.png,0
08211_lr-0.png,1
08212_lr-0.png,0
08213_lr-0.png,1
08214_lr-0.png,1
08215_lr-0.png,0
08216_lr-0.png,1
08217_lr-0.png,1
08218_lr-0.png,0
08219_lr-0.png,1
08220_lr-0.png,0
08221_lr-0.png,1
08222_lr-0.png,1
08223_lr-0.png,0
08224_lr-0.png,1
08225_lr-0.png,0
08226_lr-0.png,0
08227_lr-0.png,0
08228_lr-0.png,1
08229_lr-0.png,0
08230_lr-0.png,1
08231_lr-0.png,0
08232_lr-0.png,0
08233_lr-0.png,0
08234_lr-0.png,1
08235_lr-0.png,1
08236_lr-0.png,0
08237_lr-0.png,0
08238_lr-0.png,0
08239_lr-0.png,1
08240_lr-0.png,1
08241_lr-0.png,0
08242_lr-0.png,0
08243_lr-0.png,1
08244_lr-0.png,0
08245_lr-0.png,1
08246_lr-0.png,1
08247_lr-0.png,0
08248_lr-0.png,1
08249_lr-0.png,1
08250_lr-0.png,1
08251_lr-0.png,0
08252_lr-0.png,0
08253_lr-0.png,1
08254_lr-0.png,1
08255_lr-0.png,1
08256_lr-0.png,0
08257_lr-0.png,0
08258_lr-0.png,1
08259_lr-0.png,0
08260_lr-0.png,0
08261_lr-0.png,1
08262_lr-0.png,1
08263_lr-0.png,0
08264_lr-0.png,1
08265_lr-0.png,0
08266_lr-0.png,0
08267_lr-0.png,0
08268_lr-0.png,1
08269_lr-0.png,1
08270_lr-0.png,1
08271_lr-0.png,0
08272_lr-0.png,0
08273_lr-0.png,0
08274_lr-0.png,0
08275_lr-0.png,0
08276_lr-0.png,0
08277_lr-0.png,1
08278_lr-0.png,0
08279_lr-0.png,0
08280_lr-0.png,1
08281_lr-0.png,0
08282_lr-0.png,0
08283_lr-0.png,0
08284_lr-0.png,0
08285_lr-0.png,0
08286_lr-0.png,1
08287_lr-0.png,1
08288_lr-0.png,1
08289_lr-0.png,1
08290_lr-0.png,0
08291_lr-0.png,0
08292_lr-0.png,0
08293_lr-0.png,1
08294_lr-0.png,0
08295_lr-0.png,1
08296_lr-0.png,1
08297_lr-0.png,0
08298_lr-0.png,0
08299_lr-0.png,1
08300_lr-0.png,0
08301_lr-0.png,0
08302_lr-0.png,0
08303_lr-0.png,1
08304_lr-0.png,0
08305_lr-0.png,1
08306_lr-0.png,1
08307_lr-0.png,0
08308_lr-0.png,0
08309_lr-0.png,1
08310_lr-0.png,1
08311_lr-0.png,1
08312_lr-0.png,0
08313_lr-0.png,1
08314_lr-0.png,1
08315_lr-0.png,0
08316_lr-0.png,0
08317_lr-0.png,0
08318_lr-0.png,1
08319_lr-0.png,0
08320_lr-0.png,0
08321_lr-0.png,0
08322_lr-0.png,1
08323_lr-0.png,0
08324_lr-0.png,0
08325_lr-0.png,1
08326_lr-0.png,1
08327_lr-0.png,0
08328_lr-0.png,0
08329_lr-0.png,0
08330_lr-0.png,1
08331_lr-0.png,0
08332_lr-0.png,0
08333_lr-0.png,1
08334_lr-0.png,0
08335_lr-0.png,0
08336_lr-0.png,1
08337_lr-0.png,0
08338_lr-0.png,1
08339_lr-0.png,0
08340_lr-0.png,1
08341_lr-0.png,1
08342_lr-0.png,0
08343_lr-0.png,0
08344_lr-0.png,0
08345_lr-0.png,0
08346_lr-0.png,0
08347_lr-0.png,0
08348_lr-0.png,0
08349_lr-0.png,0
08350_lr-0.png,0
08351_lr-0.png,1
08352_lr-0.png,0
08353_lr-0.png,1
08354_lr-0.png,0
08355_lr-0.png,0
08356_lr-0.png,0
08357_lr-0.png,0
08358_lr-0.png,1
08359_lr-0.png,0
08360_lr-0.png,0
08361_lr-0.png,0
08362_lr-0.png,1
08363_lr-0.png,1
08364_lr-0.png,0
08365_lr-0.png,0
08366_lr-0.png,0
08367_lr-0.png,0
08368_lr-0.png,1
08369_lr-0.png,0
08370_lr-0.png,0
08371_lr-0.png,0
08372_lr-0.png,0
08373_lr-0.png,0
08374_lr-0.png,0
08375_lr-0.png,0
08376_lr-0.png,1
08377_lr-0.png,0
08378_lr-0.png,0
08379_lr-0.png,0
08380_lr-0.png,1
08381_lr-0.png,0
08382_lr-0.png,0
08383_lr-0.png,1
08384_lr-0.png,1
08385_lr-0.png,0
08386_lr-0.png,1
08387_lr-0.png,1
08388_lr-0.png,1
08389_lr-0.png,1
08390_lr-0.png,1
08391_lr-0.png,0
08392_lr-0.png,0
08393_lr-0.png,0
08394_lr-0.png,1
08395_lr-0.png,1
08396_lr-0.png,1
08397_lr-0.png,1
08398_lr-0.png,0
08399_lr-0.png,0
08400_lr-0.png,1
08401_lr-0.png,0
08402_lr-0.png,1
08403_lr-0.png,0
08404_lr-0.png,0
08405_lr-0.png,0
08406_lr-0.png,0
08407_lr-0.png,1
08408_lr-0.png,0
08409_lr-0.png,1
08410_lr-0.png,1
08411_lr-0.png,0
08412_lr-0.png,1
08413_lr-0.png,0
08414_lr-0.png,1
08415_lr-0.png,0
08416_lr-0.png,0
08417_lr-0.png,1
08418_lr-0.png,0
08419_lr-0.png,0
08420_lr-0.png,0
08421_lr-0.png,0
08422_lr-0.png,1
08423_lr-0.png,0
08424_lr-0.png,1
08425_lr-0.png,0
08426_lr-0.png,1
08427_lr-0.png,1
08428_lr-0.png,0
08429_lr-0.png,0
08430_lr-0.png,1
08431_lr-0.png,0
08432_lr-0.png,0
08433_lr-0.png,1
08434_lr-0.png,1
08435_lr-0.png,0
08436_lr-0.png,0
08437_lr-0.png,1
08438_lr-0.png,1
08439_lr-0.png,1
08440_lr-0.png,1
08441_lr-0.png,1
08442_lr-0.png,0
08443_lr-0.png,1
08444_lr-0.png,1
08445_lr-0.png,0
08446_lr-0.png,0
08447_lr-0.png,1
08448_lr-0.png,0
08449_lr-0.png,0
08450_lr-0.png,0
08451_lr-0.png,0
08452_lr-0.png,0
08453_lr-0.png,1
08454_lr-0.png,1
08455_lr-0.png,1
08456_lr-0.png,0
08457_lr-0.png,1
08458_lr-0.png,1
08459_lr-0.png,0
08460_lr-0.png,0
08461_lr-0.png,0
08462_lr-0.png,1
08463_lr-0.png,0
08464_lr-0.png,1
08465_lr-0.png,0
08466_lr-0.png,1
08467_lr-0.png,1
08468_lr-0.png,0
08469_lr-0.png,1
08470_lr-0.png,1
08471_lr-0.png,1
08472_lr-0.png,0
08473_lr-0.png,0
08474_lr-0.png,1
08475_lr-0.png,0
08476_lr-0.png,0
08477_lr-0.png,0
08478_lr-0.png,0
08479_lr-0.png,0
08480_lr-0.png,1
08481_lr-0.png,1
08482_lr-0.png,0
08483_lr-0.png,1
08484_lr-0.png,1
08485_lr-0.png,1
08486_lr-0.png,1
08487_lr-0.png,0
08488_lr-0.png,0
08489_lr-0.png,0
08490_lr-0.png,1
08491_lr-0.png,0
08492_lr-0.png,1
08493_lr-0.png,1
08494_lr-0.png,1
08495_lr-0.png,0
08496_lr-0.png,1
08497_lr-0.png,0
08498_lr-0.png,0
08499_lr-0.png,0
08500_lr-0.png,1
08501_lr-0.png,0
08502_lr-0.png,0
08503_lr-0.png,0
08504_lr-0.png,0
08505_lr-0.png,0
08506_lr-0.png,0
08507_lr-0.png,1
08508_lr-0.png,0
08509_lr-0.png,0
08510_lr-0.png,1
08511_lr-0.png,1
08512_lr-0.png,0
08513_lr-0.png,0
08514_lr-0.png,1
08515_lr-0.png,0
08516_lr-0.png,0
08517_lr-0.png,0
08518_lr-0.png,0
08519_lr-0.png,1
08520_lr-0.png,0
08521_lr-0.png,1
08522_lr-0.png,0
08523_lr-0.png,0
08524_lr-0.png,0
08525_lr-0.png,0
08526_lr-0.png,1
08527_lr-0.png,1
08528_lr-0.png,1
08529_lr-0.png,0
08530_lr-0.png,0
08531_lr-0.png,1
08532_lr-0.png,0
08533_lr-0.png,0
08534_lr-0.png,1
08535_lr-0.png,1
08536_lr-0.png,1
08537_lr-0.png,1
08538_lr-0.png,1
08539_lr-0.png,0
08540_lr-0.png,0
08541_lr-0.png,1
08542_lr-0.png,0
08543_lr-0.png,0
08544_lr-0.png,0
08545_lr-0.png,1
08546_lr-0.png,0
08547_lr-0.png,0
08548_lr-0.png,1
08549_lr-0.png,1
08550_lr-0.png,0
08551_lr-0.png,0
08552_lr-0.png,1
08553_lr-0.png,1
08554_lr-0.png,0
08555_lr-0.png,1
08556_lr-0.png,1
08557_lr-0.png,0
08558_lr-0.png,1
08559_lr-0.png,0
08560_lr-0.png,1
08561_lr-0.png,1
08562_lr-0.png,0
08563_lr-0.png,1
08564_lr-0.png,1
08565_lr-0.png,1
08566_lr-0.png,0
08567_lr-0.png,0
08568_lr-0.png,0
08569_lr-0.png,1
08570_lr-0.png,1
08571_lr-0.png,1
08572_lr-0.png,0
08573_lr-0.png,1
08574_lr-0.png,1
08575_lr-0.png,0
08576_lr-0.png,0
08577_lr-0.png,1
08578_lr-0.png,0
08579_lr-0.png,1
08580_lr-0.png,1
08581_lr-0.png,0
08582_lr-0.png,1
08583_lr-0.png,1
08584_lr-0.png,0
08585_lr-0.png,0
08586_lr-0.png,0
08587_lr-0.png,0
08588_lr-0.png,0
08589_lr-0.png,1
08590_lr-0.png,1
08591_lr-0.png,0
08592_lr-0.png,1
08593_lr-0.png,0
08594_lr-0.png,1
08595_lr-0.png,0
08596_lr-0.png,1
08597_lr-0.png,0
08598_lr-0.png,1
08599_lr-0.png,0
08600_lr-0.png,0
08601_lr-0.png,0
08602_lr-0.png,0
08603_lr-0.png,1
08604_lr-0.png,0
08605_lr-0.png,0
08606_lr-0.png,0
08607_lr-0.png,1
08608_lr-0.png,0
08609_lr-0.png,0
08610_lr-0.png,0
08611_lr-0.png,0
08612_lr-0.png,0
08613_lr-0.png,0
08614_lr-0.png,1
08615_lr-0.png,0
08616_lr-0.png,0
08617_lr-0.png,1
08618_lr-0.png,0
08619_lr-0.png,1
08620_lr-0.png,0
08621_lr-0.png,0
08622_lr-0.png,0
08623_lr-0.png,1
08624_lr-0.png,0
08625_lr-0.png,0
08626_lr-0.png,0
08627_lr-0.png,1
08628_lr-0.png,0
08629_lr-0.png,0
08630_lr-0.png,0
08631_lr-0.png,1
08632_lr-0.png,0
08633_lr-0.png,1
08634_lr-0.png,0
08635_lr-0.png,0
08636_lr-0.png,0
08637_lr-0.png,0
08638_lr-0.png,1
08639_lr-0.png,1
08640_lr-0.png,0
08641_lr-0.png,0
08642_lr-0.png,1
08643_lr-0.png,0
08644_lr-0.png,1
08645_lr-0.png,1
08646_lr-0.png,0
08647_lr-0.png,1
08648_lr-0.png,0
08649_lr-0.png,1
08650_lr-0.png,1
08651_lr-0.png,0
08652_lr-0.png,0
08653_lr-0.png,1
08654_lr-0.png,1
08655_lr-0.png,0
08656_lr-0.png,0
08657_lr-0.png,0
08658_lr-0.png,0
08659_lr-0.png,1
08660_lr-0.png,1
08661_lr-0.png,1
08662_lr-0.png,0
08663_lr-0.png,1
08664_lr-0.png,1
08665_lr-0.png,1
08666_lr-0.png,0
08667_lr-0.png,0
08668_lr-0.png,0
08669_lr-0.png,0
08670_lr-0.png,0
08671_lr-0.png,0
08672_lr-0.png,0
08673_lr-0.png,1
08674_lr-0.png,0
08675_lr-0.png,0
08676_lr-0.png,0
08677_lr-0.png,0
08678_lr-0.png,0
08679_lr-0.png,1
08680_lr-0.png,0
08681_lr-0.png,0
08682_lr-0.png,0
08683_lr-0.png,0
08684_lr-0.png,0
08685_lr-0.png,1
08686_lr-0.png,0
08687_lr-0.png,0
08688_lr-0.png,1
08689_lr-0.png,1
08690_lr-0.png,0
08691_lr-0.png,1
08692_lr-0.png,1
08693_lr-0.png,0
08694_lr-0.png,0
08695_lr-0.png,0
08696_lr-0.png,1
08697_lr-0.png,1
08698_lr-0.png,0
08699_lr-0.png,0
08700_lr-0.png,0
08701_lr-0.png,1
08702_lr-0.png,1
08703_lr-0.png,0
08704_lr-0.png,0
08705_lr-0.png,1
08706_lr-0.png,1
08707_lr-0.png,1
08708_lr-0.png,0
08709_lr-0.png,1
08710_lr-0.png,0
08711_lr-0.png,0
08712_lr-0.png,0
08713_lr-0.png,1
08714_lr-0.png,0
08715_lr-0.png,1
08716_lr-0.png,1
08717_lr-0.png,1
08718_lr-0.png,0
08719_lr-0.png,1
08720_lr-0.png,1
08721_lr-0.png,0
08722_lr-0.png,0
08723_lr-0.png,0
08724_lr-0.png,1
08725_lr-0.png,0
08726_lr-0.png,0
08727_lr-0.png,1
08728_lr-0.png,0
08729_lr-0.png,1
08730_lr-0.png,0
08731_lr-0.png,0
08732_lr-0.png,0
08733_lr-0.png,0
08734_lr-0.png,1
08735_lr-0.png,0
08736_lr-0.png,0
08737_lr-0.png,0
08738_lr-0.png,0
08739_lr-0.png,1
08740_lr-0.png,1
08741_lr-0.png,0
08742_lr-0.png,0
08743_lr-0.png,1
08744_lr-0.png,0
08745_lr-0.png,0
08746_lr-0.png,0
08747_lr-0.png,0
08748_lr-0.png,0
08749_lr-0.png,0
08750_lr-0.png,0
08751_lr-0.png,1
08752_lr-0.png,0
08753_lr-0.png,0
08754_lr-0.png,1
08755_lr-0.png,1
08756_lr-0.png,1
08757_lr-0.png,1
08758_lr-0.png,0
08759_lr-0.png,0
08760_lr-0.png,1
08761_lr-0.png,0
08762_lr-0.png,1
08763_lr-0.png,0
08764_lr-0.png,0
08765_lr-0.png,1
08766_lr-0.png,0
08767_lr-0.png,1
08768_lr-0.png,0
08769_lr-0.png,0
08770_lr-0.png,1
08771_lr-0.png,1
08772_lr-0.png,0
08773_lr-0.png,0
08774_lr-0.png,1
08775_lr-0.png,0
08776_lr-0.png,1
08777_lr-0.png,0
08778_lr-0.png,1
08779_lr-0.png,0
08780_lr-0.png,1
08781_lr-0.png,1
08782_lr-0.png,0
08783_lr-0.png,1
08784_lr-0.png,1
08785_lr-0.png,0
08786_lr-0.png,0
08787_lr-0.png,0
08788_lr-0.png,1
08789_lr-0.png,1
08790_lr-0.png,1
08791_lr-0.png,1
08792_lr-0.png,0
08793_lr-0.png,0
08794_lr-0.png,0
08795_lr-0.png,0
08796_lr-0.png,0
08797_lr-0.png,0
08798_lr-0.png,0
08799_lr-0.png,0
08800_lr-0.png,0
08801_lr-0.png,0
08802_lr-0.png,0
08803_lr-0.png,0
08804_lr-0.png,0
08805_lr-0.png,1
08806_lr-0.png,0
08807_lr-0.png,1
08808_lr-0.png,0
08809_lr-0.png,1
08810_lr-0.png,0
08811_lr-0.png,0
08812_lr-0.png,0
08813_lr-0.png,0
08814_lr-0.png,0
08815_lr-0.png,1
08816_lr-0.png,1
08817_lr-0.png,0
08818_lr-0.png,0
08819_lr-0.png,0
08820_lr-0.png,0
08821_lr-0.png,0
08822_lr-0.png,0
08823_lr-0.png,1
08824_lr-0.png,0
08825_lr-0.png,0
08826_lr-0.png,1
08827_lr-0.png,1
08828_lr-0.png,0
08829_lr-0.png,1
08830_lr-0.png,1
08831_lr-0.png,1
08832_lr-0.png,0
08833_lr-0.png,1
08834_lr-0.png,0
08835_lr-0.png,1
08836_lr-0.png,0
08837_lr-0.png,0
08838_lr-0.png,0
08839_lr-0.png,1
08840_lr-0.png,1
08841_lr-0.png,0
08842_lr-0.png,0
08843_lr-0.png,0
08844_lr-0.png,1
08845_lr-0.png,0
08846_lr-0.png,1
08847_lr-0.png,1
08848_lr-0.png,1
08849_lr-0.png,0
08850_lr-0.png,0
08851_lr-0.png,0
08852_lr-0.png,1
08853_lr-0.png,1
08854_lr-0.png,1
08855_lr-0.png,1
08856_lr-0.png,1
08857_lr-0.png,1
08858_lr-0.png,0
08859_lr-0.png,0
08860_lr-0.png,0
08861_lr-0.png,1
08862_lr-0.png,0
08863_lr-0.png,0
08864_lr-0.png,0
08865_lr-0.png,0
08866_lr-0.png,0
08867_lr-0.png,1
08868_lr-0.png,0
08869_lr-0.png,0
08870_lr-0.png,1
08871_lr-0.png,1
08872_lr-0.png,0
08873_lr-0.png,0
08874_lr-0.png,1
08875_lr-0.png,0
08876_lr-0.png,1
08877_lr-0.png,0
08878_lr-0.png,0
08879_lr-0.png,0
08880_lr-0.png,0
08881_lr-0.png,0
08882_lr-0.png,0
08883_lr-0.png,0
08884_lr-0.png,0
08885_lr-0.png,0
08886_lr-0.png,0
08887_lr-0.png,0
08888_lr-0.png,0
08889_lr-0.png,0
08890_lr-0.png,0
08891_lr-0.png,0
08892_lr-0.png,0
08893_lr-0.png,0
08894_lr-0.png,0
08895_lr-0.png,0
08896_lr-0.png,1
08897_lr-0.png,0
08898_lr-0.png,1
08899_lr-0.png,1
08900_lr-0.png,1
08901_lr-0.png,0
08902_lr-0.png,1
08903_lr-0.png,1
08904_lr-0.png,0
08905_lr-0.png,0
08906_lr-0.png,1
08907_lr-0.png,0
08908_lr-0.png,0
08909_lr-0.png,0
08910_lr-0.png,1
08911_lr-0.png,0
08912_lr-0.png,0
08913_lr-0.png,0
08914_lr-0.png,1
08915_lr-0.png,0
08916_lr-0.png,1
08917_lr-0.png,1
08918_lr-0.png,0
08919_lr-0.png,1
08920_lr-0.png,1
08921_lr-0.png,1
08922_lr-0.png,1
08923_lr-0.png,1
08924_lr-0.png,0
08925_lr-0.png,1
08926_lr-0.png,1
08927_lr-0.png,0
08928_lr-0.png,0
08929_lr-0.png,1
08930_lr-0.png,0
08931_lr-0.png,1
08932_lr-0.png,1
08933_lr-0.png,1
08934_lr-0.png,1
08935_lr-0.png,1
08936_lr-0.png,1
08937_lr-0.png,0
08938_lr-0.png,1
08939_lr-0.png,0
08940_lr-0.png,0
08941_lr-0.png,1
08942_lr-0.png,1
08943_lr-0.png,0
08944_lr-0.png,0
08945_lr-0.png,1
08946_lr-0.png,0
08947_lr-0.png,0
08948_lr-0.png,1
08949_lr-0.png,0
08950_lr-0.png,0
08951_lr-0.png,1
08952_lr-0.png,0
08953_lr-0.png,0
08954_lr-0.png,0
08955_lr-0.png,1
08956_lr-0.png,0
08957_lr-0.png,0
08958_lr-0.png,0
08959_lr-0.png,0
08960_lr-0.png,0
08961_lr-0.png,0
08962_lr-0.png,0
08963_lr-0.png,1
08964_lr-0.png,0
08965_lr-0.png,0
08966_lr-0.png,0
08967_lr-0.png,0
08968_lr-0.png,0
08969_lr-0.png,0
08970_lr-0.png,0
08971_lr-0.png,0
08972_lr-0.png,1
08973_lr-0.png,0
08974_lr-0.png,0
08975_lr-0.png,0
08976_lr-0.png,1
08977_lr-0.png,0
08978_lr-0.png,1
08979_lr-0.png,1
08980_lr-0.png,0
08981_lr-0.png,0
08982_lr-0.png,0
08983_lr-0.png,0
08984_lr-0.png,1
08985_lr-0.png,0
08986_lr-0.png,0
08987_lr-0.png,1
08988_lr-0.png,0
08989_lr-0.png,0
08990_lr-0.png,0
08991_lr-0.png,0
08992_lr-0.png,1
08993_lr-0.png,1
08994_lr-0.png,0
08995_lr-0.png,1
08996_lr-0.png,0
08997_lr-0.png,1
08998_lr-0.png,0
08999_lr-0.png,0
09000_lr-0.png,1
09001_lr-0.png,1
09002_lr-0.png,1
09003_lr-0.png,0
09004_lr-0.png,0
09005_lr-0.png,0
09006_lr-0.png,1
09007_lr-0.png,1
09008_lr-0.png,0
09009_lr-0.png,0
09010_lr-0.png,1
09011_lr-0.png,1
09012_lr-0.png,0
09013_lr-0.png,1
09014_lr-0.png,1
09015_lr-0.png,0
09016_lr-0.png,0
09017_lr-0.png,0
09018_lr-0.png,0
09019_lr-0.png,1
09020_lr-0.png,0
09021_lr-0.png,0
09022_lr-0.png,0
09023_lr-0.png,0
09024_lr-0.png,0
09025_lr-0.png,0
09026_lr-0.png,0
09027_lr-0.png,0
09028_lr-0.png,1
09029_lr-0.png,1
09030_lr-0.png,0
09031_lr-0.png,0
09032_lr-0.png,0
09033_lr-0.png,0
09034_lr-0.png,0
09035_lr-0.png,0
09036_lr-0.png,1
09037_lr-0.png,1
09038_lr-0.png,1
09039_lr-0.png,0
09040_lr-0.png,0
09041_lr-0.png,0
09042_lr-0.png,0
09043_lr-0.png,1
09044_lr-0.png,1
09045_lr-0.png,0
09046_lr-0.png,0
09047_lr-0.png,0
09048_lr-0.png,1
09049_lr-0.png,1
09050_lr-0.png,0
09051_lr-0.png,0
09052_lr-0.png,1
09053_lr-0.png,0
09054_lr-0.png,0
09055_lr-0.png,0
09056_lr-0.png,1
09057_lr-0.png,1
09058_lr-0.png,1
09059_lr-0.png,0
09060_lr-0.png,0
09061_lr-0.png,0
09062_lr-0.png,0
09063_lr-0.png,0
09064_lr-0.png,0
09065_lr-0.png,1
09066_lr-0.png,1
09067_lr-0.png,0
09068_lr-0.png,0
09069_lr-0.png,1
09070_lr-0.png,0
09071_lr-0.png,1
09072_lr-0.png,1
09073_lr-0.png,1
09074_lr-0.png,0
09075_lr-0.png,1
09076_lr-0.png,1
09077_lr-0.png,1
09078_lr-0.png,1
09079_lr-0.png,1
09080_lr-0.png,1
09081_lr-0.png,0
09082_lr-0.png,1
09083_lr-0.png,1
09084_lr-0.png,0
09085_lr-0.png,1
09086_lr-0.png,0
09087_lr-0.png,0
09088_lr-0.png,1
09089_lr-0.png,0
09090_lr-0.png,1
09091_lr-0.png,1
09092_lr-0.png,1
09093_lr-0.png,0
09094_lr-0.png,0
09095_lr-0.png,0
09096_lr-0.png,0
09097_lr-0.png,1
09098_lr-0.png,0
09099_lr-0.png,1
09100_lr-0.png,0
09101_lr-0.png,0
09102_lr-0.png,0
09103_lr-0.png,1
09104_lr-0.png,1
09105_lr-0.png,0
09106_lr-0.png,1
09107_lr-0.png,0
09108_lr-0.png,0
09109_lr-0.png,1
09110_lr-0.png,0
09111_lr-0.png,0
09112_lr-0.png,0
09113_lr-0.png,0
09114_lr-0.png,0
09115_lr-0.png,0
09116_lr-0.png,0
09117_lr-0.png,1
09118_lr-0.png,1
09119_lr-0.png,0
09120_lr-0.png,1
09121_lr-0.png,1
09122_lr-0.png,0
09123_lr-0.png,1
09124_lr-0.png,0
09125_lr-0.png,0
09126_lr-0.png,1
09127_lr-0.png,1
09128_lr-0.png,1
09129_lr-0.png,0
09130_lr-0.png,0
09131_lr-0.png,0
09132_lr-0.png,1
09133_lr-0.png,1
09134_lr-0.png,0
09135_lr-0.png,1
09136_lr-0.png,0
09137_lr-0.png,1
09138_lr-0.png,0
09139_lr-0.png,1
09140_lr-0.png,1
09141_lr-0.png,0
09142_lr-0.png,1
09143_lr-0.png,0
09144_lr-0.png,0
09145_lr-0.png,0
09146_lr-0.png,0
09147_lr-0.png,1
09148_lr-0.png,1
09149_lr-0.png,1
09150_lr-0.png,1
09151_lr-0.png,1
09152_lr-0.png,0
09153_lr-0.png,0
09154_lr-0.png,0
09155_lr-0.png,1
09156_lr-0.png,0
09157_lr-0.png,0
09158_lr-0.png,0
09159_lr-0.png,0
09160_lr-0.png,0
09161_lr-0.png,0
09162_lr-0.png,1
09163_lr-0.png,0
09164_lr-0.png,1
09165_lr-0.png,0
09166_lr-0.png,0
09167_lr-0.png,0
09168_lr-0.png,0
09169_lr-0.png,1
09170_lr-0.png,0
09171_lr-0.png,0
09172_lr-0.png,0
09173_lr-0.png,0
09174_lr-0.png,1
09175_lr-0.png,1
09176_lr-0.png,0
09177_lr-0.png,0
09178_lr-0.png,1
09179_lr-0.png,0
09180_lr-0.png,0
09181_lr-0.png,1
09182_lr-0.png,0
09183_lr-0.png,0
09184_lr-0.png,1
09185_lr-0.png,0
09186_lr-0.png,0
09187_lr-0.png,1
09188_lr-0.png,0
09189_lr-0.png,0
09190_lr-0.png,1
09191_lr-0.png,1
09192_lr-0.png,0
09193_lr-0.png,0
09194_lr-0.png,0
09195_lr-0.png,0
09196_lr-0.png,1
09197_lr-0.png,1
09198_lr-0.png,0
09199_lr-0.png,0
09200_lr-0.png,0
09201_lr-0.png,1
09202_lr-0.png,0
09203_lr-0.png,0
09204_lr-0.png,1
09205_lr-0.png,0
09206_lr-0.png,0
09207_lr-0.png,1
09208_lr-0.png,1
09209_lr-0.png,0
09210_lr-0.png,0
09211_lr-0.png,0
09212_lr-0.png,0
09213_lr-0.png,1
09214_lr-0.png,0
09215_lr-0.png,1
09216_lr-0.png,0
09217_lr-0.png,0
09218_lr-0.png,0
09219_lr-0.png,1
09220_lr-0.png,0
09221_lr-0.png,0
09222_lr-0.png,0
09223_lr-0.png,0
09224_lr-0.png,1
09225_lr-0.png,1
09226_lr-0.png,0
09227_lr-0.png,0
09228_lr-0.png,0
09229_lr-0.png,1
09230_lr-0.png,0
09231_lr-0.png,1
09232_lr-0.png,0
09233_lr-0.png,0
09234_lr-0.png,1
09235_lr-0.png,0
09236_lr-0.png,0
09237_lr-0.png,0
09238_lr-0.png,1
09239_lr-0.png,1
09240_lr-0.png,1
09241_lr-0.png,0
09242_lr-0.png,0
09243_lr-0.png,0
09244_lr-0.png,0
09245_lr-0.png,1
09246_lr-0.png,0
09247_lr-0.png,0
09248_lr-0.png,0
09249_lr-0.png,1
09250_lr-0.png,1
09251_lr-0.png,0
09252_lr-0.png,1
09253_lr-0.png,0
09254_lr-0.png,1
09255_lr-0.png,0
09256_lr-0.png,0
09257_lr-0.png,1
09258_lr-0.png,1
09259_lr-0.png,0
09260_lr-0.png,0
09261_lr-0.png,1
09262_lr-0.png,0
09263_lr-0.png,1
09264_lr-0.png,0
09265_lr-0.png,0
09266_lr-0.png,1
09267_lr-0.png,0
09268_lr-0.png,0
09269_lr-0.png,0
09270_lr-0.png,0
09271_lr-0.png,0
09272_lr-0.png,1
09273_lr-0.png,1
09274_lr-0.png,1
09275_lr-0.png,0
09276_lr-0.png,1
09277_lr-0.png,1
09278_lr-0.png,1
09279_lr-0.png,1
09280_lr-0.png,0
09281_lr-0.png,0
09282_lr-0.png,1
09283_lr-0.png,0
09284_lr-0.png,0
09285_lr-0.png,1
09286_lr-0.png,1
09287_lr-0.png,0
09288_lr-0.png,1
09289_lr-0.png,0
09290_lr-0.png,1
09291_lr-0.png,1
09292_lr-0.png,1
09293_lr-0.png,0
09294_lr-0.png,0
09295_lr-0.png,0
09296_lr-0.png,0
09297_lr-0.png,0
09298_lr-0.png,0
09299_lr-0.png,0
09300_lr-0.png,1
09301_lr-0.png,0
09302_lr-0.png,0
09303_lr-0.png,1
09304_lr-0.png,1
09305_lr-0.png,0
09306_lr-0.png,0
09307_lr-0.png,0
09308_lr-0.png,0
09309_lr-0.png,1
09310_lr-0.png,1
09311_lr-0.png,1
09312_lr-0.png,0
09313_lr-0.png,0
09314_lr-0.png,1
09315_lr-0.png,1
09316_lr-0.png,1
09317_lr-0.png,0
09318_lr-0.png,0
09319_lr-0.png,0
09320_lr-0.png,1
09321_lr-0.png,1
09322_lr-0.png,0
09323_lr-0.png,1
09324_lr-0.png,0
09325_lr-0.png,1
09326_lr-0.png,0
09327_lr-0.png,0
09328_lr-0.png,0
09329_lr-0.png,0
09330_lr-0.png,1
09331_lr-0.png,0
09332_lr-0.png,1
09333_lr-0.png,1
09334_lr-0.png,0
09335_lr-0.png,0
09336_lr-0.png,1
09337_lr-0.png,0
09338_lr-0.png,1
09339_lr-0.png,1
09340_lr-0.png,1
09341_lr-0.png,1
09342_lr-0.png,0
09343_lr-0.png,1
09344_lr-0.png,1
09345_lr-0.png,1
09346_lr-0.png,0
09347_lr-0.png,0
09348_lr-0.png,0
09349_lr-0.png,0
09350_lr-0.png,0
09351_lr-0.png,0
09352_lr-0.png,1
09353_lr-0.png,1
09354_lr-0.png,1
09355_lr-0.png,1
09356_lr-0.png,0
09357_lr-0.png,0
09358_lr-0.png,1
09359_lr-0.png,0
09360_lr-0.png,0
09361_lr-0.png,0
09362_lr-0.png,1
09363_lr-0.png,1
09364_lr-0.png,0
09365_lr-0.png,0
09366_lr-0.png,0
09367_lr-0.png,1
09368_lr-0.png,0
09369_lr-0.png,0
09370_lr-0.png,0
09371_lr-0.png,0
09372_lr-0.png,1
09373_lr-0.png,0
09374_lr-0.png,1
09375_lr-0.png,0
09376_lr-0.png,1
09377_lr-0.png,0
09378_lr-0.png,0
09379_lr-0.png,0
09380_lr-0.png,0
09381_lr-0.png,1
09382_lr-0.png,0
09383_lr-0.png,0
09384_lr-0.png,0
09385_lr-0.png,0
09386_lr-0.png,1
09387_lr-0.png,0
09388_lr-0.png,0
09389_lr-0.png,1
09390_lr-0.png,1
09391_lr-0.png,0
09392_lr-0.png,1
09393_lr-0.png,1
09394_lr-0.png,0
09395_lr-0.png,0
09396_lr-0.png,1
09397_lr-0.png,1
09398_lr-0.png,1
09399_lr-0.png,1
09400_lr-0.png,0
09401_lr-0.png,0
09402_lr-0.png,0
09403_lr-0.png,0
09404_lr-0.png,0
09405_lr-0.png,0
09406_lr-0.png,1
09407_lr-0.png,1
09408_lr-0.png,0
09409_lr-0.png,0
09410_lr-0.png,1
09411_lr-0.png,0
09412_lr-0.png,0
09413_lr-0.png,1
09414_lr-0.png,1
09415_lr-0.png,0
09416_lr-0.png,0
09417_lr-0.png,1
09418_lr-0.png,0
09419_lr-0.png,1
09420_lr-0.png,0
09421_lr-0.png,1
09422_lr-0.png,0
09423_lr-0.png,1
09424_lr-0.png,0
09425_lr-0.png,0
09426_lr-0.png,1
09427_lr-0.png,1
09428_lr-0.png,0
09429_lr-0.png,1
09430_lr-0.png,1
09431_lr-0.png,1
09432_lr-0.png,1
09433_lr-0.png,1
09434_lr-0.png,1
09435_lr-0.png,0
09436_lr-0.png,1
09437_lr-0.png,1
09438_lr-0.png,1
09439_lr-0.png,1
09440_lr-0.png,1
09441_lr-0.png,0
09442_lr-0.png,0
09443_lr-0.png,0
09444_lr-0.png,0
09445_lr-0.png,0
09446_lr-0.png,1
09447_lr-0.png,1
09448_lr-0.png,0
09449_lr-0.png,1
09450_lr-0.png,1
09451_lr-0.png,0
09452_lr-0.png,0
09453_lr-0.png,0
09454_lr-0.png,1
09455_lr-0.png,1
09456_lr-0.png,1
09457_lr-0.png,0
09458_lr-0.png,0
09459_lr-0.png,1
09460_lr-0.png,0
09461_lr-0.png,1
09462_lr-0.png,0
09463_lr-0.png,1
09464_lr-0.png,1
09465_lr-0.png,1
09466_lr-0.png,0
09467_lr-0.png,0
09468_lr-0.png,1
09469_lr-0.png,1
09470_lr-0.png,1
09471_lr-0.png,0
09472_lr-0.png,0
09473_lr-0.png,1
09474_lr-0.png,0
09475_lr-0.png,1
09476_lr-0.png,1
09477_lr-0.png,1
09478_lr-0.png,0
09479_lr-0.png,1
09480_lr-0.png,0
09481_lr-0.png,1
09482_lr-0.png,0
09483_lr-0.png,1
09484_lr-0.png,0
09485_lr-0.png,0
09486_lr-0.png,0
09487_lr-0.png,1
09488_lr-0.png,0
09489_lr-0.png,1
09490_lr-0.png,0
09491_lr-0.png,1
09492_lr-0.png,1
09493_lr-0.png,0
09494_lr-0.png,0
09495_lr-0.png,1
09496_lr-0.png,0
09497_lr-0.png,1
09498_lr-0.png,0
09499_lr-0.png,1
09500_lr-0.png,0
09501_lr-0.png,1
09502_lr-0.png,0
09503_lr-0.png,0
09504_lr-0.png,1
09505_lr-0.png,1
09506_lr-0.png,0
09507_lr-0.png,0
09508_lr-0.png,0
09509_lr-0.png,0
09510_lr-0.png,0
09511_lr-0.png,0
09512_lr-0.png,0
09513_lr-0.png,1
09514_lr-0.png,0
09515_lr-0.png,1
09516_lr-0.png,0
09517_lr-0.png,1
09518_lr-0.png,0
09519_lr-0.png,0
09520_lr-0.png,0
09521_lr-0.png,1
09522_lr-0.png,0
09523_lr-0.png,0
09524_lr-0.png,1
09525_lr-0.png,0
09526_lr-0.png,1
09527_lr-0.png,0
09528_lr-0.png,0
09529_lr-0.png,1
09530_lr-0.png,0
09531_lr-0.png,1
09532_lr-0.png,1
09533_lr-0.png,0
09534_lr-0.png,0
09535_lr-0.png,0
09536_lr-0.png,0
09537_lr-0.png,0
09538_lr-0.png,1
09539_lr-0.png,1
09540_lr-0.png,0
09541_lr-0.png,1
09542_lr-0.png,0
09543_lr-0.png,0
09544_lr-0.png,0
09545_lr-0.png,0
09546_lr-0.png,0
09547_lr-0.png,1
09548_lr-0.png,0
09549_lr-0.png,0
09550_lr-0.png,0
09551_lr-0.png,0
09552_lr-0.png,0
09553_lr-0.png,0
09554_lr-0.png,0
09555_lr-0.png,1
09556_lr-0.png,0
09557_lr-0.png,0
09558_lr-0.png,1
09559_lr-0.png,0
09560_lr-0.png,1
09561_lr-0.png,0
09562_lr-0.png,0
09563_lr-0.png,0
09564_lr-0.png,0
09565_lr-0.png,0
09566_lr-0.png,1
09567_lr-0.png,1
09568_lr-0.png,0
09569_lr-0.png,0
09570_lr-0.png,0
09571_lr-0.png,0
09572_lr-0.png,0
09573_lr-0.png,0
09574_lr-0.png,1
09575_lr-0.png,0
09576_lr-0.png,0
09577_lr-0.png,0
09578_lr-0.png,0
09579_lr-0.png,1
09580_lr-0.png,0
09581_lr-0.png,0
09582_lr-0.png,1
09583_lr-0.png,0
09584_lr-0.png,1
09585_lr-0.png,1
09586_lr-0.png,0
09587_lr-0.png,0
09588_lr-0.png,0
09589_lr-0.png,1
09590_lr-0.png,0
09591_lr-0.png,0
09592_lr-0.png,0
09593_lr-0.png,1
09594_lr-0.png,1
09595_lr-0.png,0
09596_lr-0.png,0
09597_lr-0.png,1
09598_lr-0.png,0
09599_lr-0.png,0
09600_lr-0.png,0
09601_lr-0.png,1
09602_lr-0.png,0
09603_lr-0.png,1
09604_lr-0.png,1
09605_lr-0.png,1
09606_lr-0.png,1
09607_lr-0.png,0
09608_lr-0.png,0
09609_lr-0.png,1
09610_lr-0.png,0
09611_lr-0.png,0
09612_lr-0.png,1
09613_lr-0.png,0
09614_lr-0.png,0
09615_lr-0.png,0
09616_lr-0.png,1
09617_lr-0.png,0
09618_lr-0.png,1
09619_lr-0.png,1
09620_lr-0.png,0
09621_lr-0.png,1
09622_lr-0.png,1
09623_lr-0.png,0
09624_lr-0.png,1
09625_lr-0.png,1
09626_lr-0.png,0
09627_lr-0.png,1
09628_lr-0.png,0
09629_lr-0.png,0
09630_lr-0.png,0
09631_lr-0.png,1
09632_lr-0.png,1
09633_lr-0.png,0
09634_lr-0.png,0
09635_lr-0.png,1
09636_lr-0.png,1
09637_lr-0.png,1
09638_lr-0.png,0
09639_lr-0.png,0
09640_lr-0.png,0
09641_lr-0.png,0
09642_lr-0.png,0
09643_lr-0.png,0
09644_lr-0.png,1
09645_lr-0.png,1
09646_lr-0.png,1
09647_lr-0.png,0
09648_lr-0.png,0
09649_lr-0.png,0
09650_lr-0.png,0
09651_lr-0.png,0
09652_lr-0.png,1
09653_lr-0.png,0
09654_lr-0.png,0
09655_lr-0.png,0
09656_lr-0.png,0
09657_lr-0.png,0
09658_lr-0.png,1
09659_lr-0.png,0
09660_lr-0.png,0
09661_lr-0.png,1
09662_lr-0.png,0
09663_lr-0.png,0
09664_lr-0.png,1
09665_lr-0.png,0
09666_lr-0.png,0
09667_lr-0.png,1
09668_lr-0.png,0
09669_lr-0.png,1
09670_lr-0.png,1
09671_lr-0.png,1
09672_lr-0.png,1
09673_lr-0.png,0
09674_lr-0.png,1
09675_lr-0.png,0
09676_lr-0.png,0
09677_lr-0.png,1
09678_lr-0.png,1
09679_lr-0.png,0
09680_lr-0.png,1
09681_lr-0.png,1
09682_lr-0.png,0
09683_lr-0.png,0
09684_lr-0.png,0
09685_lr-0.png,0
09686_lr-0.png,0
09687_lr-0.png,0
09688_lr-0.png,1
09689_lr-0.png,1
09690_lr-0.png,0
09691_lr-0.png,1
09692_lr-0.png,0
09693_lr-0.png,0
09694_lr-0.png,0
09695_lr-0.png,1
09696_lr-0.png,1
09697_lr-0.png,0
09698_lr-0.png,1
09699_lr-0.png,0
09700_lr-0.png,1
09701_lr-0.png,0
09702_lr-0.png,1
09703_lr-0.png,0
09704_lr-0.png,1
09705_lr-0.png,0
09706_lr-0.png,0
09707_lr-0.png,0
09708_lr-0.png,0
09709_lr-0.png,0
09710_lr-0.png,1
09711_lr-0.png,1
09712_lr-0.png,0
09713_lr-0.png,0
09714_lr-0.png,0
09715_lr-0.png,0
09716_lr-0.png,0
09717_lr-0.png,0
09718_lr-0.png,0
09719_lr-0.png,0
09720_lr-0.png,1
09721_lr-0.png,0
09722_lr-0.png,0
09723_lr-0.png,1
09724_lr-0.png,1
09725_lr-0.png,1
09726_lr-0.png,0
09727_lr-0.png,0
09728_lr-0.png,1
09729_lr-0.png,1
09730_lr-0.png,0
09731_lr-0.png,1
09732_lr-0.png,0
09733_lr-0.png,1
09734_lr-0.png,1
09735_lr-0.png,0
09736_lr-0.png,1
09737_lr-0.png,0
09738_lr-0.png,0
09739_lr-0.png,0
09740_lr-0.png,1
09741_lr-0.png,1
09742_lr-0.png,0
09743_lr-0.png,1
09744_lr-0.png,1
09745_lr-0.png,1
09746_lr-0.png,0
09747_lr-0.png,0
09748_lr-0.png,1
09749_lr-0.png,0
09750_lr-0.png,1
09751_lr-0.png,0
09752_lr-0.png,1
09753_lr-0.png,1
09754_lr-0.png,1
09755_lr-0.png,0
09756_lr-0.png,0
09757_lr-0.png,0
09758_lr-0.png,0
09759_lr-0.png,1
09760_lr-0.png,1
09761_lr-0.png,1
09762_lr-0.png,1
09763_lr-0.png,1
09764_lr-0.png,1
09765_lr-0.png,0
09766_lr-0.png,1
09767_lr-0.png,0
09768_lr-0.png,0
09769_lr-0.png,0
09770_lr-0.png,1
09771_lr-0.png,1
09772_lr-0.png,1
09773_lr-0.png,1
09774_lr-0.png,0
09775_lr-0.png,0
09776_lr-0.png,1
09777_lr-0.png,1
09778_lr-0.png,1
09779_lr-0.png,1
09780_lr-0.png,1
09781_lr-0.png,0
09782_lr-0.png,1
09783_lr-0.png,1
09784_lr-0.png,0
09785_lr-0.png,0
09786_lr-0.png,0
09787_lr-0.png,0
09788_lr-0.png,0
09789_lr-0.png,0
09790_lr-0.png,1
09791_lr-0.png,0
09792_lr-0.png,1
09793_lr-0.png,1
09794_lr-0.png,0
09795_lr-0.png,0
09796_lr-0.png,1
09797_lr-0.png,1
09798_lr-0.png,1
09799_lr-0.png,1
09800_lr-0.png,1
09801_lr-0.png,0
09802_lr-0.png,1
09803_lr-0.png,1
09804_lr-0.png,1
09805_lr-0.png,0
09806_lr-0.png,1
09807_lr-0.png,0
09808_lr-0.png,1
09809_lr-0.png,1
09810_lr-0.png,0
09811_lr-0.png,0
09812_lr-0.png,0
09813_lr-0.png,0
09814_lr-0.png,1
09815_lr-0.png,1
09816_lr-0.png,1
09817_lr-0.png,1
09818_lr-0.png,1
09819_lr-0.png,0
09820_lr-0.png,1
09822_lr-0.png,0
09823_lr-0.png,0
09824_lr-0.png,0
09826_lr-0.png,1
09827_lr-0.png,0
09828_lr-0.png,0
09829_lr-0.png,1
09830_lr-0.png,1
09831_lr-0.png,1
09832_lr-0.png,0
09833_lr-0.png,0
09834_lr-0.png,0
09835_lr-0.png,0
09836_lr-0.png,1
09837_lr-0.png,1
09838_lr-0.png,1
09839_lr-0.png,0
09840_lr-0.png,1
09841_lr-0.png,1
09842_lr-0.png,0
09843_lr-0.png,1
09844_lr-0.png,0
09845_lr-0.png,0
09846_lr-0.png,1
09847_lr-0.png,0
09848_lr-0.png,1
09849_lr-0.png,0
09850_lr-0.png,1
09851_lr-0.png,1
09852_lr-0.png,1
09853_lr-0.png,1
09854_lr-0.png,0
09855_lr-0.png,1
09856_lr-0.png,1
09857_lr-0.png,1
09858_lr-0.png,0
09859_lr-0.png,1
09860_lr-0.png,0
09861_lr-0.png,0
09862_lr-0.png,0
09863_lr-0.png,0
09864_lr-0.png,1
09865_lr-0.png,1
09866_lr-0.png,0
09867_lr-0.png,0
09868_lr-0.png,1
09869_lr-0.png,0
09870_lr-0.png,0
09871_lr-0.png,1
09872_lr-0.png,0
09873_lr-0.png,0
09874_lr-0.png,1
09875_lr-0.png,0
09876_lr-0.png,0
09877_lr-0.png,1
09878_lr-0.png,1
09879_lr-0.png,0
09880_lr-0.png,0
09881_lr-0.png,1
09882_lr-0.png,1
09883_lr-0.png,1
09884_lr-0.png,1
09885_lr-0.png,1
09886_lr-0.png,1
09887_lr-0.png,0
09889_lr-0.png,0
09890_lr-0.png,1
09891_lr-0.png,0
09892_lr-0.png,1
09893_lr-0.png,1
09894_lr-0.png,0
09895_lr-0.png,0
09896_lr-0.png,1
09897_lr-0.png,0
09898_lr-0.png,1
09899_lr-0.png,0
09900_lr-0.png,1
09901_lr-0.png,1
09902_lr-0.png,0
09903_lr-0.png,1
09904_lr-0.png,1
09905_lr-0.png,0
09906_lr-0.png,0
09907_lr-0.png,1
09908_lr-0.png,0
09909_lr-0.png,1
09910_lr-0.png,0
09911_lr-0.png,1
09912_lr-0.png,0
09913_lr-0.png,0
09914_lr-0.png,0
09915_lr-0.png,0
09916_lr-0.png,1
09917_lr-0.png,0
09918_lr-0.png,1
09919_lr-0.png,0
09920_lr-0.png,1
09921_lr-0.png,0
09922_lr-0.png,0
09923_lr-0.png,1
09924_lr-0.png,1
09925_lr-0.png,0
09926_lr-0.png,0
09927_lr-0.png,0
09928_lr-0.png,1
09929_lr-0.png,0
09930_lr-0.png,1
09931_lr-0.png,0
09932_lr-0.png,0
09933_lr-0.png,0
09934_lr-0.png,1
09935_lr-0.png,0
09936_lr-0.png,1
09937_lr-0.png,1
09938_lr-0.png,1
09939_lr-0.png,1
09940_lr-0.png,1
09941_lr-0.png,0
09942_lr-0.png,1
09943_lr-0.png,0
09944_lr-0.png,0
09945_lr-0.png,1
09946_lr-0.png,0
09947_lr-0.png,0
09948_lr-0.png,1
09949_lr-0.png,0
09950_lr-0.png,1
09951_lr-0.png,0
09952_lr-0.png,1
09953_lr-0.png,0
09954_lr-0.png,1
09955_lr-0.png,1
09956_lr-0.png,1
09957_lr-0.png,0
09958_lr-0.png,1
09959_lr-0.png,1
09960_lr-0.png,1
09961_lr-0.png,1
09962_lr-0.png,0
09963_lr-0.png,1
09964_lr-0.png,1
09965_lr-0.png,0
09966_lr-0.png,1
09967_lr-0.png,0
09968_lr-0.png,1
09969_lr-0.png,1
09970_lr-0.png,1
09971_lr-0.png,1
09972_lr-0.png,1
09973_lr-0.png,1
09974_lr-0.png,1
09975_lr-0.png,1
09976_lr-0.png,1
09977_lr-0.png,1
09978_lr-0.png,0
09979_lr-0.png,1
09980_lr-0.png,1
09981_lr-0.png,1
09982_lr-0.png,1
09983_lr-0.png,1
09984_lr-0.png,1
09985_lr-0.png,0
09986_lr-0.png,0
09987_lr-0.png,0
09988_lr-0.png,0
09989_lr-0.png,0
09990_lr-0.png,0
09991_lr-0.png,0
09992_lr-0.png,1
09993_lr-0.png,0
09994_lr-0.png,1
09995_lr-0.png,1
09996_lr-0.png,0
09997_lr-0.png,1
09998_lr-0.png,0
09999_lr-0.png,0
10000_lr-0.png,1
10001_lr-0.png,0
10002_lr-0.png,0
10003_lr-0.png,0
10004_lr-0.png,0
10005_lr-0.png,1
10006_lr-0.png,0
10007_lr-0.png,1
10008_lr-0.png,1
10009_lr-0.png,0
10010_lr-0.png,0
10011_lr-0.png,1
10012_lr-0.png,0
10013_lr-0.png,1
10014_lr-0.png,1
10015_lr-0.png,0
10016_lr-0.png,1
10017_lr-0.png,0
10018_lr-0.png,1
10019_lr-0.png,1
10020_lr-0.png,1
10021_lr-0.png,0
10022_lr-0.png,0
10023_lr-0.png,1
10024_lr-0.png,0
10025_lr-0.png,0
10026_lr-0.png,1
10027_lr-0.png,0
10028_lr-0.png,1
10029_lr-0.png,1
10030_lr-0.png,0
10031_lr-0.png,1
10032_lr-0.png,0
10033_lr-0.png,1
10034_lr-0.png,0
10035_lr-0.png,1
10036_lr-0.png,0
10037_lr-0.png,0
10038_lr-0.png,1
10039_lr-0.png,1
10040_lr-0.png,1
10041_lr-0.png,1
10042_lr-0.png,1
10043_lr-0.png,1
10044_lr-0.png,0
10045_lr-0.png,0
10046_lr-0.png,0
10047_lr-0.png,0
10048_lr-0.png,0
10049_lr-0.png,0
10050_lr-0.png,1
10051_lr-0.png,0
10052_lr-0.png,0
10053_lr-0.png,0
10054_lr-0.png,0
10055_lr-0.png,0
10056_lr-0.png,1
10057_lr-0.png,0
10058_lr-0.png,1
10059_lr-0.png,1
10060_lr-0.png,0
10061_lr-0.png,0
10062_lr-0.png,0
10063_lr-0.png,0
10064_lr-0.png,1
10065_lr-0.png,0
10066_lr-0.png,0
10067_lr-0.png,0
10068_lr-0.png,1
10069_lr-0.png,1
10070_lr-0.png,0
10071_lr-0.png,0
10072_lr-0.png,1
10073_lr-0.png,0
10074_lr-0.png,0
10075_lr-0.png,0
10076_lr-0.png,0
10077_lr-0.png,1
10078_lr-0.png,1
10079_lr-0.png,1
10080_lr-0.png,0
10081_lr-0.png,0
10082_lr-0.png,0
10083_lr-0.png,0
10084_lr-0.png,0
10085_lr-0.png,1
10086_lr-0.png,0
10087_lr-0.png,1
10088_lr-0.png,0
10089_lr-0.png,0
10090_lr-0.png,1
10091_lr-0.png,1
10092_lr-0.png,0
10093_lr-0.png,1
10094_lr-0.png,0
10095_lr-0.png,0
10096_lr-0.png,0
10097_lr-0.png,0
10098_lr-0.png,1
10099_lr-0.png,1
10100_lr-0.png,1
10101_lr-0.png,0
10102_lr-0.png,0
10103_lr-0.png,1
10104_lr-0.png,1
10105_lr-0.png,0
10106_lr-0.png,1
10107_lr-0.png,0
10108_lr-0.png,0
10109_lr-0.png,0
10110_lr-0.png,1
10111_lr-0.png,0
10112_lr-0.png,0
10113_lr-0.png,1
10114_lr-0.png,1
10115_lr-0.png,0
10116_lr-0.png,1
10117_lr-0.png,0
10118_lr-0.png,1
10119_lr-0.png,1
10120_lr-0.png,0
10121_lr-0.png,1
10122_lr-0.png,1
10123_lr-0.png,0
10124_lr-0.png,1
10125_lr-0.png,1
10126_lr-0.png,0
10127_lr-0.png,0
10128_lr-0.png,1
10129_lr-0.png,0
10130_lr-0.png,0
10131_lr-0.png,0
10132_lr-0.png,0
10133_lr-0.png,0
10134_lr-0.png,0
10135_lr-0.png,0
10136_lr-0.png,0
10137_lr-0.png,0
10138_lr-0.png,0
10139_lr-0.png,0
10140_lr-0.png,0
10141_lr-0.png,1
10142_lr-0.png,1
10143_lr-0.png,1
10144_lr-0.png,0
10145_lr-0.png,1
10146_lr-0.png,1
10147_lr-0.png,0
10148_lr-0.png,1
10149_lr-0.png,1
10150_lr-0.png,0
10151_lr-0.png,1
10152_lr-0.png,1
10153_lr-0.png,1
10154_lr-0.png,0
10155_lr-0.png,1
10156_lr-0.png,1
10157_lr-0.png,0
10158_lr-0.png,1
10159_lr-0.png,1
10160_lr-0.png,0
10161_lr-0.png,0
10162_lr-0.png,1
10163_lr-0.png,1
10164_lr-0.png,1
10165_lr-0.png,0
10166_lr-0.png,1
10167_lr-0.png,1
10168_lr-0.png,1
10169_lr-0.png,0
10170_lr-0.png,1
10171_lr-0.png,0
10172_lr-0.png,1
10173_lr-0.png,0
10174_lr-0.png,1
10175_lr-0.png,1
10176_lr-0.png,1
10177_lr-0.png,0
10178_lr-0.png,1
10179_lr-0.png,0
10180_lr-0.png,0
10181_lr-0.png,1
10182_lr-0.png,1
10183_lr-0.png,1
10184_lr-0.png,1
10185_lr-0.png,0
10186_lr-0.png,1
10187_lr-0.png,1
10188_lr-0.png,1
10189_lr-0.png,1
10190_lr-0.png,0
10191_lr-0.png,1
10192_lr-0.png,1
10193_lr-0.png,0
10194_lr-0.png,0
10195_lr-0.png,1
10196_lr-0.png,0
10197_lr-0.png,1
10198_lr-0.png,1
10199_lr-0.png,0
10200_lr-0.png,0
10201_lr-0.png,0
10202_lr-0.png,0
10203_lr-0.png,1
10204_lr-0.png,0
10205_lr-0.png,0
10206_lr-0.png,1
10207_lr-0.png,0
10208_lr-0.png,1
10209_lr-0.png,1
10210_lr-0.png,0
10211_lr-0.png,0
10212_lr-0.png,0
10213_lr-0.png,1
10214_lr-0.png,1
10215_lr-0.png,1
10216_lr-0.png,1
10217_lr-0.png,1
10218_lr-0.png,0
10219_lr-0.png,0
10220_lr-0.png,1
10221_lr-0.png,1
10222_lr-0.png,0
10223_lr-0.png,0
10224_lr-0.png,0
10225_lr-0.png,0
10226_lr-0.png,0
10227_lr-0.png,1
10228_lr-0.png,0
10229_lr-0.png,1
10230_lr-0.png,1
10231_lr-0.png,1
10232_lr-0.png,1
10233_lr-0.png,0
10234_lr-0.png,0
10235_lr-0.png,1
10236_lr-0.png,0
10237_lr-0.png,0
10238_lr-0.png,1
10239_lr-0.png,1
10240_lr-0.png,1
10241_lr-0.png,1
10242_lr-0.png,0
10243_lr-0.png,0
10244_lr-0.png,0
10245_lr-0.png,0
10246_lr-0.png,0
10247_lr-0.png,0
10248_lr-0.png,0
10249_lr-0.png,0
10250_lr-0.png,1
10251_lr-0.png,1
10252_lr-0.png,0
10253_lr-0.png,0
10254_lr-0.png,0
10255_lr-0.png,1
10256_lr-0.png,1
10257_lr-0.png,1
10258_lr-0.png,0
10259_lr-0.png,1
10260_lr-0.png,0
10261_lr-0.png,1
10262_lr-0.png,0
10263_lr-0.png,0
10264_lr-0.png,1
10265_lr-0.png,1
10266_lr-0.png,0
10267_lr-0.png,1
10268_lr-0.png,1
10269_lr-0.png,0
10270_lr-0.png,1
10271_lr-0.png,1
10272_lr-0.png,1
10273_lr-0.png,0
10274_lr-0.png,0
10275_lr-0.png,1
10276_lr-0.png,1
10277_lr-0.png,1
10278_lr-0.png,1
10279_lr-0.png,0
10280_lr-0.png,1
10281_lr-0.png,0
10282_lr-0.png,0
10283_lr-0.png,0
10284_lr-0.png,0
10285_lr-0.png,1
10286_lr-0.png,1
10287_lr-0.png,0
10288_lr-0.png,0
10289_lr-0.png,1
10290_lr-0.png,1
10291_lr-0.png,1
10292_lr-0.png,1
10293_lr-0.png,0
10294_lr-0.png,1
10295_lr-0.png,1
10296_lr-0.png,0
10297_lr-0.png,1
10298_lr-0.png,1
10299_lr-0.png,1
10300_lr-0.png,0
10301_lr-0.png,0
10302_lr-0.png,0
10303_lr-0.png,1
10304_lr-0.png,0
10305_lr-0.png,0
10306_lr-0.png,0
10307_lr-0.png,1
10308_lr-0.png,0
10309_lr-0.png,0
10310_lr-0.png,0
10311_lr-0.png,0
10312_lr-0.png,1
10313_lr-0.png,0
10314_lr-0.png,0
10315_lr-0.png,1
10316_lr-0.png,1
10317_lr-0.png,1
10318_lr-0.png,1
10319_lr-0.png,1
10320_lr-0.png,0
10321_lr-0.png,0
10322_lr-0.png,0
10323_lr-0.png,0
10324_lr-0.png,0
10325_lr-0.png,1
10326_lr-0.png,1
10327_lr-0.png,1
10328_lr-0.png,0
10329_lr-0.png,1
10330_lr-0.png,1
10331_lr-0.png,0
10332_lr-0.png,1
10333_lr-0.png,0
10334_lr-0.png,0
10335_lr-0.png,1
10336_lr-0.png,0
10337_lr-0.png,1
10338_lr-0.png,1
10339_lr-0.png,0
10340_lr-0.png,0
10341_lr-0.png,1
10342_lr-0.png,0
10343_lr-0.png,0
10344_lr-0.png,0
10345_lr-0.png,0
10346_lr-0.png,0
10347_lr-0.png,0
10348_lr-0.png,1
10349_lr-0.png,0
10350_lr-0.png,1
10351_lr-0.png,1
10352_lr-0.png,1
10353_lr-0.png,0
10354_lr-0.png,1
10355_lr-0.png,0
10356_lr-0.png,1
10357_lr-0.png,1
10358_lr-0.png,1
10359_lr-0.png,0
10360_lr-0.png,0
10361_lr-0.png,0
10362_lr-0.png,0
10363_lr-0.png,1
10364_lr-0.png,1
10365_lr-0.png,0
10366_lr-0.png,1
10367_lr-0.png,0
10368_lr-0.png,1
10369_lr-0.png,1
10370_lr-0.png,0
10371_lr-0.png,0
10372_lr-0.png,1
10373_lr-0.png,1
10374_lr-0.png,1
10375_lr-0.png,1
10376_lr-0.png,0
10377_lr-0.png,1
10378_lr-0.png,1
10379_lr-0.png,0
10380_lr-0.png,1
10381_lr-0.png,0
10382_lr-0.png,1
10383_lr-0.png,0
10384_lr-0.png,1
10385_lr-0.png,1
10386_lr-0.png,1
10387_lr-0.png,0
10388_lr-0.png,0
10389_lr-0.png,0
10390_lr-0.png,0
10391_lr-0.png,1
10392_lr-0.png,0
10393_lr-0.png,1
10394_lr-0.png,1
10395_lr-0.png,0
10396_lr-0.png,1
10397_lr-0.png,1
10398_lr-0.png,1
10399_lr-0.png,0
10400_lr-0.png,0
10401_lr-0.png,0
10402_lr-0.png,0
10403_lr-0.png,0
10404_lr-0.png,0
10405_lr-0.png,1
10406_lr-0.png,0
10407_lr-0.png,1
10408_lr-0.png,1
10409_lr-0.png,1
10410_lr-0.png,0
10411_lr-0.png,0
10412_lr-0.png,1
10413_lr-0.png,1
10414_lr-0.png,0
10415_lr-0.png,0
10416_lr-0.png,0
10417_lr-0.png,0
10418_lr-0.png,1
10419_lr-0.png,0
10420_lr-0.png,1
10421_lr-0.png,1
10422_lr-0.png,1
10423_lr-0.png,1
10424_lr-0.png,1
10425_lr-0.png,0
10426_lr-0.png,0
10427_lr-0.png,1
10428_lr-0.png,1
10429_lr-0.png,0
10430_lr-0.png,0
10431_lr-0.png,1
10432_lr-0.png,1
10433_lr-0.png,1
10434_lr-0.png,1
10435_lr-0.png,1
10436_lr-0.png,1
10437_lr-0.png,0
10438_lr-0.png,1
10439_lr-0.png,0
10440_lr-0.png,1
10441_lr-0.png,1
10442_lr-0.png,0
10443_lr-0.png,1
10444_lr-0.png,0
10445_lr-0.png,1
10446_lr-0.png,0
10447_lr-0.png,1
10448_lr-0.png,0
10449_lr-0.png,0
10450_lr-0.png,0
10451_lr-0.png,1
10452_lr-0.png,0
10453_lr-0.png,0
10454_lr-0.png,1
10455_lr-0.png,0
10456_lr-0.png,0
10457_lr-0.png,1
10458_lr-0.png,0
10459_lr-0.png,0
10460_lr-0.png,1
10461_lr-0.png,1
10462_lr-0.png,1
10463_lr-0.png,0
10464_lr-0.png,0
10465_lr-0.png,1
10466_lr-0.png,0
10467_lr-0.png,0
10468_lr-0.png,1
10469_lr-0.png,0
10470_lr-0.png,0
10471_lr-0.png,1
10472_lr-0.png,1
10473_lr-0.png,0
10474_lr-0.png,0
10475_lr-0.png,1
10476_lr-0.png,0
10477_lr-0.png,0
10478_lr-0.png,0
10479_lr-0.png,0
10480_lr-0.png,0
10481_lr-0.png,0
10482_lr-0.png,0
10483_lr-0.png,1
10484_lr-0.png,1
10485_lr-0.png,0
10486_lr-0.png,0
10487_lr-0.png,0
10488_lr-0.png,0
10489_lr-0.png,1
10490_lr-0.png,0
10491_lr-0.png,1
10492_lr-0.png,1
10493_lr-0.png,0
10494_lr-0.png,0
10495_lr-0.png,1
10496_lr-0.png,0
10497_lr-0.png,1
10498_lr-0.png,1
10499_lr-0.png,0
10500_lr-0.png,0
10501_lr-0.png,0
10502_lr-0.png,0
10503_lr-0.png,1
10504_lr-0.png,1
10505_lr-0.png,0
10506_lr-0.png,0
10507_lr-0.png,0
10508_lr-0.png,1
10509_lr-0.png,1
10510_lr-0.png,0
10511_lr-0.png,1
10512_lr-0.png,0
10513_lr-0.png,0
10514_lr-0.png,0
10515_lr-0.png,0
10516_lr-0.png,0
10517_lr-0.png,0
10518_lr-0.png,0
10519_lr-0.png,1
10520_lr-0.png,0
10521_lr-0.png,0
10522_lr-0.png,0
10523_lr-0.png,1
10524_lr-0.png,1
10525_lr-0.png,0
10526_lr-0.png,0
10527_lr-0.png,1
10528_lr-0.png,1
10529_lr-0.png,0
10530_lr-0.png,1
10531_lr-0.png,1
10532_lr-0.png,0
10533_lr-0.png,1
10534_lr-0.png,1
10535_lr-0.png,1
10536_lr-0.png,1
10537_lr-0.png,1
10538_lr-0.png,0
10539_lr-0.png,0
10540_lr-0.png,0
10541_lr-0.png,1
10542_lr-0.png,0
10543_lr-0.png,1
10544_lr-0.png,0
10545_lr-0.png,1
10546_lr-0.png,1
10547_lr-0.png,1
10548_lr-0.png,0
10549_lr-0.png,1
10550_lr-0.png,0
10551_lr-0.png,0
10552_lr-0.png,1
10553_lr-0.png,0
10554_lr-0.png,0
10555_lr-0.png,0
10556_lr-0.png,0
10557_lr-0.png,0
10558_lr-0.png,0
10559_lr-0.png,1
10560_lr-0.png,1
10561_lr-0.png,1
10562_lr-0.png,0
10563_lr-0.png,0
10564_lr-0.png,0
10565_lr-0.png,0
10566_lr-0.png,0
10567_lr-0.png,0
10568_lr-0.png,0
10569_lr-0.png,0
10570_lr-0.png,1
10571_lr-0.png,0
10572_lr-0.png,1
10573_lr-0.png,0
10574_lr-0.png,0
10575_lr-0.png,0
10576_lr-0.png,0
10577_lr-0.png,0
10578_lr-0.png,1
10579_lr-0.png,0
10580_lr-0.png,0
10581_lr-0.png,0
10582_lr-0.png,1
10583_lr-0.png,1
10584_lr-0.png,1
10585_lr-0.png,1
10586_lr-0.png,0
10587_lr-0.png,0
10588_lr-0.png,1
10589_lr-0.png,1
10590_lr-0.png,0
10591_lr-0.png,0
10592_lr-0.png,1
10593_lr-0.png,1
10594_lr-0.png,0
10595_lr-0.png,1
10596_lr-0.png,1
10597_lr-0.png,1
10598_lr-0.png,0
10599_lr-0.png,0
10600_lr-0.png,1
10601_lr-0.png,0
10602_lr-0.png,0
10603_lr-0.png,1
10604_lr-0.png,0
10605_lr-0.png,0
10606_lr-0.png,1
10607_lr-0.png,1
10608_lr-0.png,0
10609_lr-0.png,0
10610_lr-0.png,1
10611_lr-0.png,0
10612_lr-0.png,1
10613_lr-0.png,0
10614_lr-0.png,0
10615_lr-0.png,0
10616_lr-0.png,0
10617_lr-0.png,1
10618_lr-0.png,0
10619_lr-0.png,0
10620_lr-0.png,1
10621_lr-0.png,1
10622_lr-0.png,1
10623_lr-0.png,0
10624_lr-0.png,0
10625_lr-0.png,0
10626_lr-0.png,0
10627_lr-0.png,1
10628_lr-0.png,0
10629_lr-0.png,1
10630_lr-0.png,1
10631_lr-0.png,1
10632_lr-0.png,0
10633_lr-0.png,0
10634_lr-0.png,1
10635_lr-0.png,1
10636_lr-0.png,0
10637_lr-0.png,0
10638_lr-0.png,0
10639_lr-0.png,0
10640_lr-0.png,0
10641_lr-0.png,1
10642_lr-0.png,0
10643_lr-0.png,0
10644_lr-0.png,1
10645_lr-0.png,0
10646_lr-0.png,0
10647_lr-0.png,0
10648_lr-0.png,1
10649_lr-0.png,0
10650_lr-0.png,1
10651_lr-0.png,1
10652_lr-0.png,0
10653_lr-0.png,1
10654_lr-0.png,0
10655_lr-0.png,1
10656_lr-0.png,0
10657_lr-0.png,0
10658_lr-0.png,1
10659_lr-0.png,0
10660_lr-0.png,0
10661_lr-0.png,0
10662_lr-0.png,0
10663_lr-0.png,0
10664_lr-0.png,1
10665_lr-0.png,1
10666_lr-0.png,1
10667_lr-0.png,0
10668_lr-0.png,0
10669_lr-0.png,1
10670_lr-0.png,1
10671_lr-0.png,0
10672_lr-0.png,0
10673_lr-0.png,0
10674_lr-0.png,1
10675_lr-0.png,0
10676_lr-0.png,0
10677_lr-0.png,0
10678_lr-0.png,0
10679_lr-0.png,1
10680_lr-0.png,1
10681_lr-0.png,1
10682_lr-0.png,1
10683_lr-0.png,0
10684_lr-0.png,1
10685_lr-0.png,1
10686_lr-0.png,1
10687_lr-0.png,1
10688_lr-0.png,1
10689_lr-0.png,0
10690_lr-0.png,1
10691_lr-0.png,1
10692_lr-0.png,1
10693_lr-0.png,1
10694_lr-0.png,1
10695_lr-0.png,0
10696_lr-0.png,1
10697_lr-0.png,0
10698_lr-0.png,0
10699_lr-0.png,1
10700_lr-0.png,1
10701_lr-0.png,0
10702_lr-0.png,0
10703_lr-0.png,0
10704_lr-0.png,0
10705_lr-0.png,1
10706_lr-0.png,0
10707_lr-0.png,0
10708_lr-0.png,0
10709_lr-0.png,0
10710_lr-0.png,1
10711_lr-0.png,1
10712_lr-0.png,1
10713_lr-0.png,1
10714_lr-0.png,0
10715_lr-0.png,0
10716_lr-0.png,1
10717_lr-0.png,1
10718_lr-0.png,1
10719_lr-0.png,0
10720_lr-0.png,0
10721_lr-0.png,0
10722_lr-0.png,0
10723_lr-0.png,0
10724_lr-0.png,0
10725_lr-0.png,0
10726_lr-0.png,0
10727_lr-0.png,0
10728_lr-0.png,0
10729_lr-0.png,0
10730_lr-0.png,0
10731_lr-0.png,1
10732_lr-0.png,1
10733_lr-0.png,0
10734_lr-0.png,0
10735_lr-0.png,1
10736_lr-0.png,0
10737_lr-0.png,0
10738_lr-0.png,0
10739_lr-0.png,0
10740_lr-0.png,1
10741_lr-0.png,0
10742_lr-0.png,0
10743_lr-0.png,0
10744_lr-0.png,0
10745_lr-0.png,1
10746_lr-0.png,0
10747_lr-0.png,1
10748_lr-0.png,1
10749_lr-0.png,1
10750_lr-0.png,1
10751_lr-0.png,0
10752_lr-0.png,0
10753_lr-0.png,0
10754_lr-0.png,0
10755_lr-0.png,0
10756_lr-0.png,1
10757_lr-0.png,0
10758_lr-0.png,1
10759_lr-0.png,1
10760_lr-0.png,1
10761_lr-0.png,0
10762_lr-0.png,1
10763_lr-0.png,0
10764_lr-0.png,0
10765_lr-0.png,0
10766_lr-0.png,0
10767_lr-0.png,1
10768_lr-0.png,1
10769_lr-0.png,0
10770_lr-0.png,1
10771_lr-0.png,0
10772_lr-0.png,0
10773_lr-0.png,1
10774_lr-0.png,1
10775_lr-0.png,0
10776_lr-0.png,1
10777_lr-0.png,0
10778_lr-0.png,0
10779_lr-0.png,0
10780_lr-0.png,0
10781_lr-0.png,1
10782_lr-0.png,0
10783_lr-0.png,1
10784_lr-0.png,0
10785_lr-0.png,0
10786_lr-0.png,0
10787_lr-0.png,1
10788_lr-0.png,1
10789_lr-0.png,0
10790_lr-0.png,0
10791_lr-0.png,0
10792_lr-0.png,0
10793_lr-0.png,0
10794_lr-0.png,0
10795_lr-0.png,1
10796_lr-0.png,0
10797_lr-0.png,0
10798_lr-0.png,1
10799_lr-0.png,1
10800_lr-0.png,0
10801_lr-0.png,0
10802_lr-0.png,0
10803_lr-0.png,0
10804_lr-0.png,1
10805_lr-0.png,0
10806_lr-0.png,1
10807_lr-0.png,0
10808_lr-0.png,1
10809_lr-0.png,0
10810_lr-0.png,1
10811_lr-0.png,0
10812_lr-0.png,1
10813_lr-0.png,0
10814_lr-0.png,0
10815_lr-0.png,0
10816_lr-0.png,0
10817_lr-0.png,0
10818_lr-0.png,0
10819_lr-0.png,0
10820_lr-0.png,1
10821_lr-0.png,1
10822_lr-0.png,0
10823_lr-0.png,1
10824_lr-0.png,1
10825_lr-0.png,0
10826_lr-0.png,0
10827_lr-0.png,1
10828_lr-0.png,0
10829_lr-0.png,1
10830_lr-0.png,1
10831_lr-0.png,1
10832_lr-0.png,0
10833_lr-0.png,1
10834_lr-0.png,1
10835_lr-0.png,0
10836_lr-0.png,1
10837_lr-0.png,0
10838_lr-0.png,0
10839_lr-0.png,0
10840_lr-0.png,1
10841_lr-0.png,1
10842_lr-0.png,1
10843_lr-0.png,0
10844_lr-0.png,0
10845_lr-0.png,1
10846_lr-0.png,1
10847_lr-0.png,1
10848_lr-0.png,0
10849_lr-0.png,0
10850_lr-0.png,1
10851_lr-0.png,0
10852_lr-0.png,0
10853_lr-0.png,1
10854_lr-0.png,1
10855_lr-0.png,1
10856_lr-0.png,1
10857_lr-0.png,1
10858_lr-0.png,1
10859_lr-0.png,0
10860_lr-0.png,0
10861_lr-0.png,0
10862_lr-0.png,0
10863_lr-0.png,0
10864_lr-0.png,0
10865_lr-0.png,0
10866_lr-0.png,0
10867_lr-0.png,0
10868_lr-0.png,0
10869_lr-0.png,0
10870_lr-0.png,0
10871_lr-0.png,1
10872_lr-0.png,0
10873_lr-0.png,0
10874_lr-0.png,0
10875_lr-0.png,0
10876_lr-0.png,0
10877_lr-0.png,0
10878_lr-0.png,0
10879_lr-0.png,0
10880_lr-0.png,0
10881_lr-0.png,0
10882_lr-0.png,0
10883_lr-0.png,1
10884_lr-0.png,1
10885_lr-0.png,1
10886_lr-0.png,0
10887_lr-0.png,1
10888_lr-0.png,0
10889_lr-0.png,1
10890_lr-0.png,0
10891_lr-0.png,1
10892_lr-0.png,0
10893_lr-0.png,0
10894_lr-0.png,0
10895_lr-0.png,0
10896_lr-0.png,1
10897_lr-0.png,0
10898_lr-0.png,0
10899_lr-0.png,1
10900_lr-0.png,0
10901_lr-0.png,0
10902_lr-0.png,0
10903_lr-0.png,1
10904_lr-0.png,1
10905_lr-0.png,1
10906_lr-0.png,1
10907_lr-0.png,0
10908_lr-0.png,0
10909_lr-0.png,0
10910_lr-0.png,0
10911_lr-0.png,1
10912_lr-0.png,0
10913_lr-0.png,0
10914_lr-0.png,0
10915_lr-0.png,1
10916_lr-0.png,0
10917_lr-0.png,1
10918_lr-0.png,0
10919_lr-0.png,0
10920_lr-0.png,1
10921_lr-0.png,0
10922_lr-0.png,0
10923_lr-0.png,0
10924_lr-0.png,0
10925_lr-0.png,0
10926_lr-0.png,1
10927_lr-0.png,0
10928_lr-0.png,1
10929_lr-0.png,0
10930_lr-0.png,0
10931_lr-0.png,0
10932_lr-0.png,0
10933_lr-0.png,0
10934_lr-0.png,0
10935_lr-0.png,0
10936_lr-0.png,0
10937_lr-0.png,0
10938_lr-0.png,0
10939_lr-0.png,0
10940_lr-0.png,0
10941_lr-0.png,0
10942_lr-0.png,0
10943_lr-0.png,0
10944_lr-0.png,0
10945_lr-0.png,0
10946_lr-0.png,0
10947_lr-0.png,1
10948_lr-0.png,0
10949_lr-0.png,0
10950_lr-0.png,0
10951_lr-0.png,1
10952_lr-0.png,0
10953_lr-0.png,0
10954_lr-0.png,0
10955_lr-0.png,1
10956_lr-0.png,1
10957_lr-0.png,1
10958_lr-0.png,1
10959_lr-0.png,1
10960_lr-0.png,1
10961_lr-0.png,0
10962_lr-0.png,1
10963_lr-0.png,0
10964_lr-0.png,1
10965_lr-0.png,0
10966_lr-0.png,0
10967_lr-0.png,0
10968_lr-0.png,1
10969_lr-0.png,1
10970_lr-0.png,1
10971_lr-0.png,0
10972_lr-0.png,0
10973_lr-0.png,1
10974_lr-0.png,1
10975_lr-0.png,1
10976_lr-0.png,1
10977_lr-0.png,0
10978_lr-0.png,0
10979_lr-0.png,1
10980_lr-0.png,0
10981_lr-0.png,1
10982_lr-0.png,0
10983_lr-0.png,1
10984_lr-0.png,0
10985_lr-0.png,1
10986_lr-0.png,0
10987_lr-0.png,1
10988_lr-0.png,0
10989_lr-0.png,1
10990_lr-0.png,1
10991_lr-0.png,0
10992_lr-0.png,1
10993_lr-0.png,1
10994_lr-0.png,0
10995_lr-0.png,0
10996_lr-0.png,0
10997_lr-0.png,1
10998_lr-0.png,0
10999_lr-0.png,0
11000_lr-0.png,1
11001_lr-0.png,0
11002_lr-0.png,1
11003_lr-0.png,0
11004_lr-0.png,0
11005_lr-0.png,0
11006_lr-0.png,0
11007_lr-0.png,0
11008_lr-0.png,1
11009_lr-0.png,0
11010_lr-0.png,0
11011_lr-0.png,1
11012_lr-0.png,1
11013_lr-0.png,0
11014_lr-0.png,1
11015_lr-0.png,0
11016_lr-0.png,0
11017_lr-0.png,1
11018_lr-0.png,0
11019_lr-0.png,0
11020_lr-0.png,0
11021_lr-0.png,1
11022_lr-0.png,1
11023_lr-0.png,0
11024_lr-0.png,0
11025_lr-0.png,0
11026_lr-0.png,0
11027_lr-0.png,1
11028_lr-0.png,0
11029_lr-0.png,0
11030_lr-0.png,0
11031_lr-0.png,0
11032_lr-0.png,0
11033_lr-0.png,0
11034_lr-0.png,0
11035_lr-0.png,0
11036_lr-0.png,0
11037_lr-0.png,0
11038_lr-0.png,0
11039_lr-0.png,0
11040_lr-0.png,0
11041_lr-0.png,1
11042_lr-0.png,0
11043_lr-0.png,0
11044_lr-0.png,1
11045_lr-0.png,0
11046_lr-0.png,0
11047_lr-0.png,0
11048_lr-0.png,0
11049_lr-0.png,1
11050_lr-0.png,1
11051_lr-0.png,0
11052_lr-0.png,0
11053_lr-0.png,0
11054_lr-0.png,0
11055_lr-0.png,1
11056_lr-0.png,1
11057_lr-0.png,1
11058_lr-0.png,1
11059_lr-0.png,0
11060_lr-0.png,0
11061_lr-0.png,0
11062_lr-0.png,0
11063_lr-0.png,0
11064_lr-0.png,1
11065_lr-0.png,1
11066_lr-0.png,0
11067_lr-0.png,1
11068_lr-0.png,0
11069_lr-0.png,1
11070_lr-0.png,0
11071_lr-0.png,0
11072_lr-0.png,1
11073_lr-0.png,0
11074_lr-0.png,1
11075_lr-0.png,0
11076_lr-0.png,1
11077_lr-0.png,1
11078_lr-0.png,1
11079_lr-0.png,1
11080_lr-0.png,0
11081_lr-0.png,0
11082_lr-0.png,1
11083_lr-0.png,0
11084_lr-0.png,1
11085_lr-0.png,0
11086_lr-0.png,1
11087_lr-0.png,1
11088_lr-0.png,1
11089_lr-0.png,0
11090_lr-0.png,0
11091_lr-0.png,0
11092_lr-0.png,1
11093_lr-0.png,0
11094_lr-0.png,0
11095_lr-0.png,0
11096_lr-0.png,0
11097_lr-0.png,0
11098_lr-0.png,1
11099_lr-0.png,0
11100_lr-0.png,0
11101_lr-0.png,0
11102_lr-0.png,1
11103_lr-0.png,0
11104_lr-0.png,0
11105_lr-0.png,1
11106_lr-0.png,0
11107_lr-0.png,0
11108_lr-0.png,0
11109_lr-0.png,0
11110_lr-0.png,0
11111_lr-0.png,0
11112_lr-0.png,1
11113_lr-0.png,1
11114_lr-0.png,1
11115_lr-0.png,1
11116_lr-0.png,1
11117_lr-0.png,0
11118_lr-0.png,0
11119_lr-0.png,0
11120_lr-0.png,1
11121_lr-0.png,1
11122_lr-0.png,1
11123_lr-0.png,0
11124_lr-0.png,1
11125_lr-0.png,0
11126_lr-0.png,1
11127_lr-0.png,1
11128_lr-0.png,1
11129_lr-0.png,1
11130_lr-0.png,0
11131_lr-0.png,1
11132_lr-0.png,0
11133_lr-0.png,0
11134_lr-0.png,0
11135_lr-0.png,0
11136_lr-0.png,1
11137_lr-0.png,1
11138_lr-0.png,1
11139_lr-0.png,0
11140_lr-0.png,0
11141_lr-0.png,1
11142_lr-0.png,1
11143_lr-0.png,1
11144_lr-0.png,1
11145_lr-0.png,1
11146_lr-0.png,0
11147_lr-0.png,1
11148_lr-0.png,0
11149_lr-0.png,1
11150_lr-0.png,0
11151_lr-0.png,1
11152_lr-0.png,1
11153_lr-0.png,0
11154_lr-0.png,0
11155_lr-0.png,1
11156_lr-0.png,0
11157_lr-0.png,0
11158_lr-0.png,0
11159_lr-0.png,0
11160_lr-0.png,0
11161_lr-0.png,0
11162_lr-0.png,0
11163_lr-0.png,0
11164_lr-0.png,0
11165_lr-0.png,0
11166_lr-0.png,0
11167_lr-0.png,0
11168_lr-0.png,1
11169_lr-0.png,1
11170_lr-0.png,0
11171_lr-0.png,0
11172_lr-0.png,1
11173_lr-0.png,0
11174_lr-0.png,0
11175_lr-0.png,1
11176_lr-0.png,0
11177_lr-0.png,0
11178_lr-0.png,1
11179_lr-0.png,0
11180_lr-0.png,0
11181_lr-0.png,1
11182_lr-0.png,1
11183_lr-0.png,0
11184_lr-0.png,1
11185_lr-0.png,0
11186_lr-0.png,0
11187_lr-0.png,0
11188_lr-0.png,1
11189_lr-0.png,0
11190_lr-0.png,0
11191_lr-0.png,0
11192_lr-0.png,0
11193_lr-0.png,0
11194_lr-0.png,0
11195_lr-0.png,1
11196_lr-0.png,1
11197_lr-0.png,0
11198_lr-0.png,1
11199_lr-0.png,1
11200_lr-0.png,1
11201_lr-0.png,0
11202_lr-0.png,1
11203_lr-0.png,0
11204_lr-0.png,1
11205_lr-0.png,0
11206_lr-0.png,0
11207_lr-0.png,0
11208_lr-0.png,0
11209_lr-0.png,1
11210_lr-0.png,1
11211_lr-0.png,1
11212_lr-0.png,0
11213_lr-0.png,1
11214_lr-0.png,0
11215_lr-0.png,0
11216_lr-0.png,0
11217_lr-0.png,0
11218_lr-0.png,0
11219_lr-0.png,0
11220_lr-0.png,0
11221_lr-0.png,0
11222_lr-0.png,1
11223_lr-0.png,0
11224_lr-0.png,0
11225_lr-0.png,1
11226_lr-0.png,0
11227_lr-0.png,0
11228_lr-0.png,1
11229_lr-0.png,0
11230_lr-0.png,1
11231_lr-0.png,0
11232_lr-0.png,0
11233_lr-0.png,1
11234_lr-0.png,1
11235_lr-0.png,0
11236_lr-0.png,0
11237_lr-0.png,0
11238_lr-0.png,0
11239_lr-0.png,0
11240_lr-0.png,1
11241_lr-0.png,0
11242_lr-0.png,1
11243_lr-0.png,0
11244_lr-0.png,0
11245_lr-0.png,1
11246_lr-0.png,0
11247_lr-0.png,1
11248_lr-0.png,1
11249_lr-0.png,1
11250_lr-0.png,0
11251_lr-0.png,0
11252_lr-0.png,1
11253_lr-0.png,1
11254_lr-0.png,1
11255_lr-0.png,0
11256_lr-0.png,1
11257_lr-0.png,1
11258_lr-0.png,0
11259_lr-0.png,0
11260_lr-0.png,0
11261_lr-0.png,0
11262_lr-0.png,0
11263_lr-0.png,0
11264_lr-0.png,0
11265_lr-0.png,1
11266_lr-0.png,0
11267_lr-0.png,1
11268_lr-0.png,0
11269_lr-0.png,0
11270_lr-0.png,0
11271_lr-0.png,1
11272_lr-0.png,0
11273_lr-0.png,0
11274_lr-0.png,0
11275_lr-0.png,0
11276_lr-0.png,1
11277_lr-0.png,1
11278_lr-0.png,0
11279_lr-0.png,1
11280_lr-0.png,0
11281_lr-0.png,1
11282_lr-0.png,0
11283_lr-0.png,0
11284_lr-0.png,0
11285_lr-0.png,0
11286_lr-0.png,0
11287_lr-0.png,0
11288_lr-0.png,0
11289_lr-0.png,0
11290_lr-0.png,0
11291_lr-0.png,0
11292_lr-0.png,1
11293_lr-0.png,0
11294_lr-0.png,1
11295_lr-0.png,0
11296_lr-0.png,0
11297_lr-0.png,0
11298_lr-0.png,1
11299_lr-0.png,1
11300_lr-0.png,0
11301_lr-0.png,0
11302_lr-0.png,0
11303_lr-0.png,0
11304_lr-0.png,1
11305_lr-0.png,0
11306_lr-0.png,1
11307_lr-0.png,1
11308_lr-0.png,0
11309_lr-0.png,1
11310_lr-0.png,0
11311_lr-0.png,0
11312_lr-0.png,0
11313_lr-0.png,0
11314_lr-0.png,1
11315_lr-0.png,0
11316_lr-0.png,1
11317_lr-0.png,0
11318_lr-0.png,1
11319_lr-0.png,0
11320_lr-0.png,0
11321_lr-0.png,1
11322_lr-0.png,0
11323_lr-0.png,0
11324_lr-0.png,1
11325_lr-0.png,1
11326_lr-0.png,0
11327_lr-0.png,0
11328_lr-0.png,0
11329_lr-0.png,0
11330_lr-0.png,0
11331_lr-0.png,1
11332_lr-0.png,1
11333_lr-0.png,1
11334_lr-0.png,0
11335_lr-0.png,0
11336_lr-0.png,0
11337_lr-0.png,1
11338_lr-0.png,0
11339_lr-0.png,0
11340_lr-0.png,1
11341_lr-0.png,1
11342_lr-0.png,0
11343_lr-0.png,0
11344_lr-0.png,0
11345_lr-0.png,1
11346_lr-0.png,0
11347_lr-0.png,1
11348_lr-0.png,1
11349_lr-0.png,0
11350_lr-0.png,0
11351_lr-0.png,1
11352_lr-0.png,0
11353_lr-0.png,0
11354_lr-0.png,1
11355_lr-0.png,1
11356_lr-0.png,0
11357_lr-0.png,1
11358_lr-0.png,1
11359_lr-0.png,0
11360_lr-0.png,0
11361_lr-0.png,1
11362_lr-0.png,0
11363_lr-0.png,0
11364_lr-0.png,1
11365_lr-0.png,0
11366_lr-0.png,1
11367_lr-0.png,1
11368_lr-0.png,1
11369_lr-0.png,1
11370_lr-0.png,0
11371_lr-0.png,0
11372_lr-0.png,1
11373_lr-0.png,1
11374_lr-0.png,0
11375_lr-0.png,1
11376_lr-0.png,0
11377_lr-0.png,0
11378_lr-0.png,0
11379_lr-0.png,1
11380_lr-0.png,0
11381_lr-0.png,1
11382_lr-0.png,1
11383_lr-0.png,0
11384_lr-0.png,0
11385_lr-0.png,1
11386_lr-0.png,0
11387_lr-0.png,0
11388_lr-0.png,1
11389_lr-0.png,0
11390_lr-0.png,0
11391_lr-0.png,0
11392_lr-0.png,1
11393_lr-0.png,0
11394_lr-0.png,0
11395_lr-0.png,0
11396_lr-0.png,0
11397_lr-0.png,0
11398_lr-0.png,0
11399_lr-0.png,1
11400_lr-0.png,0
11401_lr-0.png,0
11402_lr-0.png,1
11403_lr-0.png,1
11404_lr-0.png,1
11405_lr-0.png,0
11406_lr-0.png,0
11407_lr-0.png,1
11408_lr-0.png,0
11409_lr-0.png,0
11410_lr-0.png,0
11411_lr-0.png,1
11412_lr-0.png,0
11413_lr-0.png,0
11414_lr-0.png,1
11415_lr-0.png,0
11416_lr-0.png,1
11417_lr-0.png,0
11418_lr-0.png,0
11419_lr-0.png,1
11420_lr-0.png,0
11421_lr-0.png,1
11422_lr-0.png,0
11423_lr-0.png,1
11424_lr-0.png,0
11425_lr-0.png,1
11426_lr-0.png,0
11427_lr-0.png,0
11428_lr-0.png,1
11429_lr-0.png,1
11430_lr-0.png,0
11431_lr-0.png,0
11432_lr-0.png,1
11433_lr-0.png,1
11434_lr-0.png,0
11435_lr-0.png,1
11436_lr-0.png,0
11437_lr-0.png,0
11438_lr-0.png,1
11439_lr-0.png,1
11440_lr-0.png,1
11441_lr-0.png,0
11442_lr-0.png,0
11443_lr-0.png,0
11444_lr-0.png,0
11445_lr-0.png,1
11446_lr-0.png,1
11447_lr-0.png,0
11448_lr-0.png,1
11449_lr-0.png,0
11450_lr-0.png,0
11451_lr-0.png,1
11452_lr-0.png,1
11453_lr-0.png,0
11454_lr-0.png,1
11455_lr-0.png,1
11456_lr-0.png,1
11457_lr-0.png,0
11458_lr-0.png,0
11459_lr-0.png,1
11460_lr-0.png,0
11461_lr-0.png,1
11462_lr-0.png,1
11463_lr-0.png,0
11464_lr-0.png,0
11465_lr-0.png,1
11466_lr-0.png,0
11467_lr-0.png,1
11468_lr-0.png,0
11469_lr-0.png,0
11470_lr-0.png,1
11471_lr-0.png,1
11472_lr-0.png,0
11473_lr-0.png,1
11474_lr-0.png,0
11475_lr-0.png,0
11476_lr-0.png,0
11477_lr-0.png,0
11478_lr-0.png,1
11479_lr-0.png,0
11480_lr-0.png,0
11481_lr-0.png,0
11482_lr-0.png,0
11483_lr-0.png,0
11484_lr-0.png,1
11485_lr-0.png,0
11486_lr-0.png,1
11487_lr-0.png,0
11488_lr-0.png,0
11489_lr-0.png,1
11490_lr-0.png,1
11491_lr-0.png,0
11492_lr-0.png,1
11493_lr-0.png,1
11494_lr-0.png,0
11495_lr-0.png,0
11496_lr-0.png,0
11497_lr-0.png,1
11498_lr-0.png,0
11499_lr-0.png,1
11500_lr-0.png,0
11501_lr-0.png,1
11502_lr-0.png,1
11503_lr-0.png,1
11504_lr-0.png,1
11505_lr-0.png,0
11506_lr-0.png,0
11507_lr-0.png,1
11508_lr-0.png,0
11509_lr-0.png,0
11510_lr-0.png,0
11511_lr-0.png,1
11512_lr-0.png,0
11513_lr-0.png,0
11514_lr-0.png,0
11515_lr-0.png,1
11516_lr-0.png,0
11517_lr-0.png,0
11518_lr-0.png,0
11519_lr-0.png,1
11520_lr-0.png,1
11521_lr-0.png,0
11522_lr-0.png,1
11523_lr-0.png,1
11524_lr-0.png,0
11525_lr-0.png,0
11526_lr-0.png,0
11527_lr-0.png,0
11528_lr-0.png,1
11529_lr-0.png,0
11530_lr-0.png,1
11531_lr-0.png,1
11532_lr-0.png,1
11533_lr-0.png,1
11534_lr-0.png,1
11535_lr-0.png,0
11536_lr-0.png,0
11537_lr-0.png,1
11538_lr-0.png,1
11539_lr-0.png,0
11540_lr-0.png,0
11541_lr-0.png,0
11542_lr-0.png,0
11543_lr-0.png,1
11544_lr-0.png,0
11545_lr-0.png,0
11546_lr-0.png,0
11547_lr-0.png,0
11548_lr-0.png,1
11549_lr-0.png,1
11550_lr-0.png,0
11551_lr-0.png,0
11552_lr-0.png,1
11553_lr-0.png,1
11554_lr-0.png,0
11555_lr-0.png,0
11556_lr-0.png,0
11557_lr-0.png,0
11558_lr-0.png,1
11559_lr-0.png,1
11560_lr-0.png,0
11561_lr-0.png,1
11562_lr-0.png,0
11563_lr-0.png,1
11564_lr-0.png,1
11565_lr-0.png,0
11566_lr-0.png,0
11567_lr-0.png,0
11568_lr-0.png,0
11569_lr-0.png,0
11570_lr-0.png,1
11571_lr-0.png,0
11572_lr-0.png,0
11573_lr-0.png,0
11574_lr-0.png,1
11575_lr-0.png,1
11576_lr-0.png,1
11577_lr-0.png,0
11578_lr-0.png,0
11579_lr-0.png,0
11580_lr-0.png,1
11581_lr-0.png,0
11582_lr-0.png,1
11583_lr-0.png,0
11584_lr-0.png,1
11585_lr-0.png,0
11586_lr-0.png,1
11587_lr-0.png,1
11588_lr-0.png,0
11589_lr-0.png,0
11590_lr-0.png,0
11591_lr-0.png,0
11592_lr-0.png,0
11593_lr-0.png,0
11594_lr-0.png,0
11595_lr-0.png,0
11596_lr-0.png,1
11597_lr-0.png,0
11598_lr-0.png,1
11599_lr-0.png,0
11600_lr-0.png,1
11601_lr-0.png,1
11602_lr-0.png,0
11603_lr-0.png,1
11604_lr-0.png,1
11605_lr-0.png,0
11606_lr-0.png,1
11607_lr-0.png,0
11608_lr-0.png,0
11609_lr-0.png,1
11610_lr-0.png,1
11611_lr-0.png,1
11612_lr-0.png,0
11613_lr-0.png,1
11614_lr-0.png,0
11615_lr-0.png,1
11616_lr-0.png,0
11617_lr-0.png,1
11618_lr-0.png,0
11619_lr-0.png,1
11620_lr-0.png,0
11621_lr-0.png,0
11622_lr-0.png,1
11623_lr-0.png,1
11624_lr-0.png,1
11625_lr-0.png,1
11626_lr-0.png,0
11627_lr-0.png,1
11628_lr-0.png,1
11629_lr-0.png,0
11630_lr-0.png,0
11631_lr-0.png,1
11632_lr-0.png,1
11633_lr-0.png,1
11634_lr-0.png,1
11635_lr-0.png,1
11636_lr-0.png,0
11637_lr-0.png,0
11638_lr-0.png,0
11639_lr-0.png,0
11640_lr-0.png,0
11641_lr-0.png,0
11642_lr-0.png,0
11643_lr-0.png,0
11644_lr-0.png,0
11645_lr-0.png,0
11646_lr-0.png,0
11647_lr-0.png,1
11648_lr-0.png,0
11649_lr-0.png,0
11650_lr-0.png,0
11651_lr-0.png,0
11652_lr-0.png,0
11653_lr-0.png,1
11654_lr-0.png,1
11655_lr-0.png,0
11656_lr-0.png,0
11657_lr-0.png,0
11658_lr-0.png,0
11659_lr-0.png,0
11660_lr-0.png,1
11661_lr-0.png,0
11662_lr-0.png,0
11663_lr-0.png,0
11664_lr-0.png,0
11665_lr-0.png,0
11666_lr-0.png,1
11667_lr-0.png,1
11668_lr-0.png,0
11669_lr-0.png,1
11670_lr-0.png,1
11671_lr-0.png,0
11672_lr-0.png,0
11673_lr-0.png,1
11674_lr-0.png,0
11675_lr-0.png,0
11676_lr-0.png,0
11677_lr-0.png,1
11678_lr-0.png,0
11679_lr-0.png,1
11680_lr-0.png,0
11681_lr-0.png,0
11682_lr-0.png,0
11683_lr-0.png,1
11684_lr-0.png,1
11685_lr-0.png,0
11686_lr-0.png,0
11687_lr-0.png,0
11688_lr-0.png,1
11689_lr-0.png,0
11690_lr-0.png,0
11691_lr-0.png,0
11692_lr-0.png,1
11693_lr-0.png,1
11694_lr-0.png,1
11695_lr-0.png,1
11696_lr-0.png,1
11697_lr-0.png,1
11698_lr-0.png,1
11699_lr-0.png,0
11700_lr-0.png,0
11701_lr-0.png,0
11702_lr-0.png,1
11703_lr-0.png,1
11704_lr-0.png,1
11705_lr-0.png,1
11706_lr-0.png,1
11707_lr-0.png,0
11708_lr-0.png,1
11709_lr-0.png,0
11710_lr-0.png,1
11711_lr-0.png,1
11712_lr-0.png,0
11713_lr-0.png,1
11714_lr-0.png,1
11715_lr-0.png,0
11716_lr-0.png,0
11717_lr-0.png,0
11718_lr-0.png,1
11719_lr-0.png,0
11720_lr-0.png,1
11721_lr-0.png,1
11722_lr-0.png,1
11723_lr-0.png,1
11724_lr-0.png,0
11725_lr-0.png,0
11726_lr-0.png,0
11727_lr-0.png,1
11728_lr-0.png,0
11729_lr-0.png,0
11730_lr-0.png,0
11731_lr-0.png,1
11732_lr-0.png,1
11733_lr-0.png,0
11734_lr-0.png,1
11735_lr-0.png,0
11736_lr-0.png,1
11737_lr-0.png,0
11738_lr-0.png,0
11739_lr-0.png,1
11740_lr-0.png,0
11741_lr-0.png,0
11742_lr-0.png,1
11743_lr-0.png,0
11744_lr-0.png,0
11745_lr-0.png,1
11746_lr-0.png,0
11747_lr-0.png,0
11748_lr-0.png,0
11749_lr-0.png,1
11750_lr-0.png,1
11751_lr-0.png,0
11752_lr-0.png,0
11753_lr-0.png,1
11754_lr-0.png,0
11755_lr-0.png,0
11756_lr-0.png,0
11757_lr-0.png,0
11758_lr-0.png,0
11759_lr-0.png,0
11760_lr-0.png,0
11761_lr-0.png,0
11762_lr-0.png,1
11763_lr-0.png,0
11764_lr-0.png,1
11765_lr-0.png,1
11766_lr-0.png,0
11767_lr-0.png,0
11768_lr-0.png,1
11769_lr-0.png,0
11770_lr-0.png,0
11771_lr-0.png,1
11772_lr-0.png,0
11773_lr-0.png,0
11774_lr-0.png,0
11775_lr-0.png,0
11776_lr-0.png,0
11777_lr-0.png,0
11778_lr-0.png,0
11779_lr-0.png,0
11780_lr-0.png,1
11781_lr-0.png,1
11782_lr-0.png,1
11783_lr-0.png,1
11784_lr-0.png,0
11785_lr-0.png,0
11786_lr-0.png,0
11787_lr-0.png,0
11788_lr-0.png,0
11789_lr-0.png,1
11790_lr-0.png,1
11791_lr-0.png,1
11792_lr-0.png,1
11793_lr-0.png,0
11794_lr-0.png,1
11795_lr-0.png,1
11796_lr-0.png,0
11797_lr-0.png,1
11798_lr-0.png,1
11799_lr-0.png,0
11800_lr-0.png,1
11801_lr-0.png,1
11802_lr-0.png,1
11803_lr-0.png,1
11804_lr-0.png,0
11805_lr-0.png,1
11806_lr-0.png,0
11807_lr-0.png,1
11808_lr-0.png,1
11809_lr-0.png,1
11811_lr-0.png,0
11812_lr-0.png,0
11813_lr-0.png,1
11816_lr-0.png,0
11818_lr-0.png,0
11819_lr-0.png,1
11820_lr-0.png,1
11821_lr-0.png,0
11822_lr-0.png,0
11823_lr-0.png,0
11824_lr-0.png,1
11825_lr-0.png,1
11826_lr-0.png,0
11827_lr-0.png,0
11828_lr-0.png,0
11829_lr-0.png,1
11830_lr-0.png,0
11831_lr-0.png,1
11832_lr-0.png,0
11833_lr-0.png,1
11834_lr-0.png,0
11835_lr-0.png,1
11836_lr-0.png,0
11837_lr-0.png,0
11839_lr-0.png,0
11840_lr-0.png,0
11841_lr-0.png,0
11842_lr-0.png,1
11843_lr-0.png,1
11844_lr-0.png,0
11845_lr-0.png,0
11846_lr-0.png,0
11847_lr-0.png,0
11848_lr-0.png,0
11849_lr-0.png,0
11850_lr-0.png,1
11851_lr-0.png,0
11852_lr-0.png,0
11853_lr-0.png,1
11854_lr-0.png,0
11855_lr-0.png,0
11856_lr-0.png,0
11857_lr-0.png,1
11858_lr-0.png,1
11859_lr-0.png,0
11860_lr-0.png,0
11861_lr-0.png,1
11862_lr-0.png,1
11863_lr-0.png,0
11864_lr-0.png,1
11865_lr-0.png,0
11866_lr-0.png,0
11867_lr-0.png,0
11868_lr-0.png,0
11869_lr-0.png,0
11870_lr-0.png,0
11871_lr-0.png,0
11872_lr-0.png,0
11873_lr-0.png,0
11874_lr-0.png,1
11875_lr-0.png,0
11876_lr-0.png,1
11877_lr-0.png,0
11878_lr-0.png,1
11879_lr-0.png,0
11880_lr-0.png,0
11881_lr-0.png,0
11882_lr-0.png,0
11883_lr-0.png,0
11884_lr-0.png,1
11885_lr-0.png,1
11886_lr-0.png,0
11887_lr-0.png,1
11888_lr-0.png,1
11889_lr-0.png,0
11890_lr-0.png,1
11891_lr-0.png,1
11892_lr-0.png,0
11893_lr-0.png,0
11894_lr-0.png,0
11895_lr-0.png,0
11896_lr-0.png,0
11897_lr-0.png,0
11898_lr-0.png,1
11899_lr-0.png,0
11900_lr-0.png,1
11901_lr-0.png,0
11902_lr-0.png,0
11903_lr-0.png,0
11904_lr-0.png,0
11905_lr-0.png,1
11906_lr-0.png,0
11907_lr-0.png,1
11908_lr-0.png,1
11909_lr-0.png,0
11910_lr-0.png,0
11911_lr-0.png,0
11912_lr-0.png,1
11913_lr-0.png,1
11914_lr-0.png,0
11915_lr-0.png,0
11916_lr-0.png,0
11917_lr-0.png,0
11918_lr-0.png,1
11919_lr-0.png,0
11920_lr-0.png,0
11921_lr-0.png,1
11922_lr-0.png,0
11923_lr-0.png,0
11924_lr-0.png,1
11925_lr-0.png,1
11926_lr-0.png,0
11927_lr-0.png,0
11928_lr-0.png,1
11929_lr-0.png,0
11930_lr-0.png,1
11931_lr-0.png,1
11932_lr-0.png,1
11933_lr-0.png,1
11934_lr-0.png,1
11935_lr-0.png,1
11936_lr-0.png,1
11937_lr-0.png,0
11938_lr-0.png,1
11939_lr-0.png,1
11940_lr-0.png,0
11941_lr-0.png,1
11942_lr-0.png,1
11943_lr-0.png,1
11944_lr-0.png,0
11945_lr-0.png,0
11946_lr-0.png,1
11947_lr-0.png,0
11948_lr-0.png,0
11949_lr-0.png,0
11950_lr-0.png,1
11951_lr-0.png,1
11952_lr-0.png,0
11953_lr-0.png,0
11954_lr-0.png,0
11955_lr-0.png,1
11956_lr-0.png,1
11957_lr-0.png,1
11958_lr-0.png,0
11959_lr-0.png,1
11960_lr-0.png,1
11961_lr-0.png,1
11962_lr-0.png,1
11963_lr-0.png,0
11964_lr-0.png,0
11965_lr-0.png,1
11966_lr-0.png,1
11967_lr-0.png,0
11968_lr-0.png,1
11969_lr-0.png,0
11970_lr-0.png,0
11971_lr-0.png,0
11972_lr-0.png,0
11973_lr-0.png,1
11974_lr-0.png,1
11975_lr-0.png,1
11976_lr-0.png,0
11977_lr-0.png,0
11978_lr-0.png,0
11979_lr-0.png,1
11980_lr-0.png,0
11981_lr-0.png,0
11982_lr-0.png,0
11983_lr-0.png,0
11984_lr-0.png,1
11985_lr-0.png,0
11986_lr-0.png,1
11987_lr-0.png,1
11988_lr-0.png,1
11989_lr-0.png,1
11990_lr-0.png,1
11991_lr-0.png,1
11992_lr-0.png,1
11993_lr-0.png,0
11994_lr-0.png,0
11995_lr-0.png,1
11996_lr-0.png,1
11997_lr-0.png,0
11998_lr-0.png,0
11999_lr-0.png,0
12000_lr-0.png,0
12001_lr-0.png,1
12002_lr-0.png,1
12003_lr-0.png,0
12004_lr-0.png,1
12005_lr-0.png,1
12006_lr-0.png,1
12007_lr-0.png,1
12008_lr-0.png,1
12009_lr-0.png,0
12010_lr-0.png,1
12011_lr-0.png,0
12012_lr-0.png,0
12013_lr-0.png,0
12014_lr-0.png,1
12015_lr-0.png,0
12016_lr-0.png,0
12017_lr-0.png,0
12018_lr-0.png,0
12019_lr-0.png,0
12020_lr-0.png,1
12021_lr-0.png,0
12022_lr-0.png,1
12023_lr-0.png,0
12024_lr-0.png,0
12025_lr-0.png,0
12026_lr-0.png,0
12027_lr-0.png,0
12028_lr-0.png,0
12029_lr-0.png,1
12030_lr-0.png,1
12031_lr-0.png,0
12032_lr-0.png,0
12033_lr-0.png,1
12034_lr-0.png,1
12035_lr-0.png,0
12036_lr-0.png,0
12037_lr-0.png,0
12038_lr-0.png,1
12039_lr-0.png,0
12040_lr-0.png,1
12041_lr-0.png,1
12042_lr-0.png,0
12043_lr-0.png,1
12044_lr-0.png,0
12045_lr-0.png,0
12046_lr-0.png,1
12047_lr-0.png,0
12048_lr-0.png,1
12049_lr-0.png,0
12050_lr-0.png,1
12051_lr-0.png,1
12052_lr-0.png,0
12053_lr-0.png,0
12054_lr-0.png,0
12055_lr-0.png,1
12056_lr-0.png,1
12057_lr-0.png,0
12058_lr-0.png,0
12059_lr-0.png,1
12060_lr-0.png,1
12061_lr-0.png,1
12062_lr-0.png,0
12063_lr-0.png,0
12064_lr-0.png,1
12065_lr-0.png,1
12066_lr-0.png,0
12067_lr-0.png,1
12068_lr-0.png,0
12069_lr-0.png,0
12070_lr-0.png,0
12071_lr-0.png,1
12072_lr-0.png,1
12073_lr-0.png,1
12074_lr-0.png,1
12075_lr-0.png,1
12076_lr-0.png,1
12077_lr-0.png,0
12078_lr-0.png,0
12079_lr-0.png,1
12080_lr-0.png,1
12081_lr-0.png,0
12082_lr-0.png,1
12083_lr-0.png,0
12084_lr-0.png,0
12085_lr-0.png,0
12086_lr-0.png,1
12087_lr-0.png,0
12088_lr-0.png,1
12089_lr-0.png,1
12090_lr-0.png,0
12091_lr-0.png,0
12092_lr-0.png,0
12093_lr-0.png,1
12094_lr-0.png,0
12095_lr-0.png,1
12096_lr-0.png,0
12097_lr-0.png,1
12098_lr-0.png,0
12099_lr-0.png,1
12100_lr-0.png,0
12101_lr-0.png,1
12102_lr-0.png,0
12103_lr-0.png,0
12104_lr-0.png,1
12105_lr-0.png,1
12106_lr-0.png,0
12107_lr-0.png,0
12108_lr-0.png,1
12109_lr-0.png,1
12110_lr-0.png,1
12111_lr-0.png,1
12112_lr-0.png,0
12113_lr-0.png,0
12114_lr-0.png,1
12115_lr-0.png,1
12116_lr-0.png,1
12117_lr-0.png,1
12118_lr-0.png,1
12119_lr-0.png,1
12120_lr-0.png,1
12121_lr-0.png,0
12122_lr-0.png,0
12123_lr-0.png,1
12124_lr-0.png,0
12125_lr-0.png,0
12126_lr-0.png,0
12127_lr-0.png,1
12128_lr-0.png,1
12129_lr-0.png,1
12130_lr-0.png,0
12131_lr-0.png,0
12132_lr-0.png,1
12133_lr-0.png,1
12134_lr-0.png,1
12135_lr-0.png,1
12136_lr-0.png,0
12137_lr-0.png,0
12138_lr-0.png,0
12139_lr-0.png,1
12140_lr-0.png,1
12141_lr-0.png,0
12142_lr-0.png,1
12143_lr-0.png,0
12144_lr-0.png,1
12145_lr-0.png,0
12146_lr-0.png,1
12147_lr-0.png,1
12148_lr-0.png,1
12149_lr-0.png,0
12150_lr-0.png,0
12151_lr-0.png,0
12152_lr-0.png,1
12153_lr-0.png,0
12154_lr-0.png,1
12155_lr-0.png,0
12156_lr-0.png,0
12157_lr-0.png,0
12158_lr-0.png,1
12159_lr-0.png,0
12160_lr-0.png,1
12161_lr-0.png,0
12162_lr-0.png,0
12163_lr-0.png,1
12164_lr-0.png,1
12165_lr-0.png,0
12166_lr-0.png,1
12167_lr-0.png,0
12168_lr-0.png,0
12169_lr-0.png,0
12170_lr-0.png,1
12171_lr-0.png,1
12172_lr-0.png,1
12173_lr-0.png,0
12174_lr-0.png,1
12175_lr-0.png,1
12176_lr-0.png,0
12177_lr-0.png,0
12178_lr-0.png,0
12179_lr-0.png,1
12180_lr-0.png,1
12181_lr-0.png,1
12182_lr-0.png,1
12183_lr-0.png,1
12184_lr-0.png,1
12185_lr-0.png,1
12186_lr-0.png,0
12187_lr-0.png,1
12188_lr-0.png,1
12189_lr-0.png,0
12190_lr-0.png,0
12191_lr-0.png,0
12192_lr-0.png,0
12193_lr-0.png,1
12194_lr-0.png,1
12195_lr-0.png,0
12196_lr-0.png,0
12197_lr-0.png,0
12198_lr-0.png,0
12199_lr-0.png,1
12200_lr-0.png,1
12201_lr-0.png,0
12202_lr-0.png,1
12203_lr-0.png,0
12204_lr-0.png,0
12205_lr-0.png,0
12206_lr-0.png,0
12207_lr-0.png,0
12208_lr-0.png,0
12209_lr-0.png,0
12210_lr-0.png,1
12211_lr-0.png,0
12212_lr-0.png,0
12213_lr-0.png,0
12214_lr-0.png,1
12215_lr-0.png,0
12216_lr-0.png,1
12217_lr-0.png,0
12218_lr-0.png,1
12219_lr-0.png,1
12220_lr-0.png,1
12221_lr-0.png,0
12222_lr-0.png,1
12223_lr-0.png,0
12224_lr-0.png,0
12225_lr-0.png,0
12226_lr-0.png,1
12227_lr-0.png,0
12228_lr-0.png,0
12229_lr-0.png,1
12230_lr-0.png,1
12231_lr-0.png,0
12232_lr-0.png,1
12233_lr-0.png,0
12234_lr-0.png,0
12235_lr-0.png,0
12236_lr-0.png,0
12237_lr-0.png,0
12238_lr-0.png,1
12239_lr-0.png,0
12240_lr-0.png,0
12241_lr-0.png,0
12242_lr-0.png,0
12243_lr-0.png,1
12244_lr-0.png,0
12245_lr-0.png,0
12246_lr-0.png,1
12247_lr-0.png,0
12248_lr-0.png,0
12249_lr-0.png,0
12250_lr-0.png,1
12251_lr-0.png,1
12252_lr-0.png,0
12253_lr-0.png,1
12254_lr-0.png,1
12255_lr-0.png,1
12256_lr-0.png,1
12257_lr-0.png,1
12258_lr-0.png,0
12259_lr-0.png,0
12260_lr-0.png,0
12261_lr-0.png,1
12262_lr-0.png,0
12263_lr-0.png,1
12264_lr-0.png,0
12265_lr-0.png,0
12266_lr-0.png,1
12267_lr-0.png,1
12268_lr-0.png,1
12269_lr-0.png,0
12270_lr-0.png,1
12271_lr-0.png,1
12272_lr-0.png,1
12273_lr-0.png,0
12274_lr-0.png,1
12275_lr-0.png,1
12276_lr-0.png,1
12277_lr-0.png,1
12278_lr-0.png,1
12279_lr-0.png,0
12280_lr-0.png,1
12281_lr-0.png,0
12282_lr-0.png,1
12283_lr-0.png,1
12284_lr-0.png,1
12285_lr-0.png,0
12286_lr-0.png,0
12287_lr-0.png,1
12288_lr-0.png,0
12289_lr-0.png,1
12290_lr-0.png,0
12291_lr-0.png,1
12292_lr-0.png,0
12293_lr-0.png,1
12294_lr-0.png,1
12295_lr-0.png,1
12296_lr-0.png,1
12297_lr-0.png,0
12298_lr-0.png,1
12299_lr-0.png,1
12300_lr-0.png,0
12301_lr-0.png,0
12302_lr-0.png,0
12303_lr-0.png,0
12304_lr-0.png,0
12305_lr-0.png,0
12306_lr-0.png,1
12307_lr-0.png,0
12308_lr-0.png,0
12309_lr-0.png,0
12310_lr-0.png,1
12311_lr-0.png,0
12312_lr-0.png,1
12313_lr-0.png,1
12314_lr-0.png,0
12315_lr-0.png,1
12316_lr-0.png,1
12317_lr-0.png,0
12318_lr-0.png,0
12319_lr-0.png,1
12320_lr-0.png,1
12321_lr-0.png,1
12322_lr-0.png,0
12323_lr-0.png,0
12324_lr-0.png,0
12325_lr-0.png,0
12326_lr-0.png,1
12327_lr-0.png,1
12328_lr-0.png,0
12329_lr-0.png,0
12330_lr-0.png,1
12331_lr-0.png,0
12332_lr-0.png,1
12333_lr-0.png,0
12334_lr-0.png,0
12335_lr-0.png,0
12336_lr-0.png,1
12337_lr-0.png,1
12338_lr-0.png,0
12339_lr-0.png,0
12340_lr-0.png,0
12341_lr-0.png,0
12342_lr-0.png,0
12343_lr-0.png,0
12344_lr-0.png,1
12345_lr-0.png,1
12346_lr-0.png,0
12347_lr-0.png,1
12348_lr-0.png,1
12349_lr-0.png,0
12350_lr-0.png,0
12351_lr-0.png,1
12352_lr-0.png,0
12353_lr-0.png,0
12354_lr-0.png,0
12355_lr-0.png,1
12356_lr-0.png,1
12357_lr-0.png,1
12358_lr-0.png,1
12359_lr-0.png,1
12360_lr-0.png,0
12361_lr-0.png,1
12362_lr-0.png,1
12363_lr-0.png,0
12364_lr-0.png,0
12365_lr-0.png,1
12366_lr-0.png,1
12367_lr-0.png,0
12368_lr-0.png,0
12369_lr-0.png,0
12370_lr-0.png,1
12371_lr-0.png,0
12372_lr-0.png,0
12373_lr-0.png,0
12374_lr-0.png,0
12375_lr-0.png,0
12376_lr-0.png,1
12377_lr-0.png,0
12378_lr-0.png,0
12379_lr-0.png,0
12380_lr-0.png,1
12381_lr-0.png,0
12382_lr-0.png,1
12383_lr-0.png,0
12384_lr-0.png,0
12385_lr-0.png,0
12386_lr-0.png,0
12387_lr-0.png,0
12388_lr-0.png,0
12389_lr-0.png,1
12390_lr-0.png,1
12391_lr-0.png,0
12392_lr-0.png,0
12393_lr-0.png,0
12394_lr-0.png,0
12395_lr-0.png,1
12396_lr-0.png,1
12397_lr-0.png,1
12398_lr-0.png,0
12399_lr-0.png,0
12400_lr-0.png,0
12401_lr-0.png,1
12402_lr-0.png,0
12403_lr-0.png,0
12404_lr-0.png,0
12405_lr-0.png,0
12406_lr-0.png,0
12407_lr-0.png,1
12408_lr-0.png,1
12409_lr-0.png,1
12410_lr-0.png,0
12411_lr-0.png,1
12412_lr-0.png,0
12413_lr-0.png,1
12414_lr-0.png,1
12415_lr-0.png,0
12416_lr-0.png,0
12417_lr-0.png,0
12418_lr-0.png,0
12419_lr-0.png,0
12420_lr-0.png,1
12421_lr-0.png,0
12422_lr-0.png,0
12423_lr-0.png,1
12424_lr-0.png,0
12425_lr-0.png,0
12426_lr-0.png,0
12427_lr-0.png,1
12428_lr-0.png,0
12429_lr-0.png,0
12430_lr-0.png,0
12431_lr-0.png,0
12432_lr-0.png,0
12433_lr-0.png,0
12434_lr-0.png,0
12435_lr-0.png,0
12436_lr-0.png,1
12437_lr-0.png,0
12438_lr-0.png,1
12439_lr-0.png,1
12440_lr-0.png,0
12441_lr-0.png,0
12442_lr-0.png,0
12443_lr-0.png,0
12444_lr-0.png,0
12445_lr-0.png,0
12446_lr-0.png,1
12447_lr-0.png,0
12448_lr-0.png,1
12449_lr-0.png,0
12450_lr-0.png,0
12451_lr-0.png,1
12452_lr-0.png,1
12453_lr-0.png,1
12454_lr-0.png,0
12455_lr-0.png,1
12456_lr-0.png,0
12457_lr-0.png,1
12458_lr-0.png,1
12459_lr-0.png,0
12460_lr-0.png,1
12461_lr-0.png,0
12462_lr-0.png,0
12463_lr-0.png,0
12464_lr-0.png,0
12465_lr-0.png,1
12466_lr-0.png,1
12467_lr-0.png,1
12468_lr-0.png,1
12469_lr-0.png,1
12470_lr-0.png,1
12471_lr-0.png,1
12472_lr-0.png,1
12473_lr-0.png,0
12474_lr-0.png,1
12475_lr-0.png,1
12476_lr-0.png,0
12477_lr-0.png,1
12478_lr-0.png,1
12479_lr-0.png,1
12480_lr-0.png,1
12481_lr-0.png,0
12482_lr-0.png,1
12483_lr-0.png,0
12484_lr-0.png,0
12485_lr-0.png,1
12486_lr-0.png,1
12487_lr-0.png,1
12488_lr-0.png,0
12489_lr-0.png,0
12490_lr-0.png,0
12491_lr-0.png,1
12492_lr-0.png,1
12493_lr-0.png,0
12494_lr-0.png,0
12495_lr-0.png,0
12496_lr-0.png,1
12497_lr-0.png,0
12498_lr-0.png,0
12499_lr-0.png,1
12500_lr-0.png,1
12501_lr-0.png,0
12502_lr-0.png,0
12503_lr-0.png,0
12504_lr-0.png,0
12505_lr-0.png,1
12506_lr-0.png,0
12507_lr-0.png,0
12508_lr-0.png,0
12509_lr-0.png,0
12510_lr-0.png,0
12511_lr-0.png,0
12512_lr-0.png,1
12513_lr-0.png,1
12514_lr-0.png,1
12515_lr-0.png,0
12516_lr-0.png,0
12517_lr-0.png,1
12518_lr-0.png,0
12519_lr-0.png,0
12520_lr-0.png,1
12521_lr-0.png,0
12522_lr-0.png,1
12523_lr-0.png,0
12524_lr-0.png,1
12525_lr-0.png,0
12526_lr-0.png,1
12527_lr-0.png,0
12528_lr-0.png,1
12529_lr-0.png,1
12530_lr-0.png,1
12531_lr-0.png,1
12532_lr-0.png,0
12533_lr-0.png,0
12534_lr-0.png,1
12535_lr-0.png,0
12536_lr-0.png,0
12537_lr-0.png,0
12538_lr-0.png,0
12539_lr-0.png,1
12540_lr-0.png,0
12541_lr-0.png,1
12542_lr-0.png,0
12543_lr-0.png,1
12544_lr-0.png,0
12545_lr-0.png,0
12546_lr-0.png,1
12547_lr-0.png,0
12548_lr-0.png,0
12549_lr-0.png,1
12550_lr-0.png,0
12551_lr-0.png,1
12552_lr-0.png,0
12553_lr-0.png,1
12554_lr-0.png,1
12555_lr-0.png,0
12556_lr-0.png,1
12557_lr-0.png,1
12558_lr-0.png,1
12559_lr-0.png,0
12560_lr-0.png,0
12561_lr-0.png,0
12562_lr-0.png,0
12563_lr-0.png,1
12564_lr-0.png,1
12565_lr-0.png,0
12566_lr-0.png,0
12567_lr-0.png,0
12568_lr-0.png,0
12569_lr-0.png,0
12570_lr-0.png,0
12571_lr-0.png,0
12572_lr-0.png,0
12573_lr-0.png,1
12574_lr-0.png,1
12575_lr-0.png,1
12576_lr-0.png,0
12577_lr-0.png,1
12578_lr-0.png,1
12579_lr-0.png,1
12580_lr-0.png,0
12581_lr-0.png,0
12582_lr-0.png,0
12583_lr-0.png,0
12584_lr-0.png,0
12585_lr-0.png,0
12586_lr-0.png,0
12587_lr-0.png,0
12588_lr-0.png,1
12589_lr-0.png,0
12590_lr-0.png,0
12591_lr-0.png,0
12592_lr-0.png,1
12593_lr-0.png,0
12594_lr-0.png,1
12595_lr-0.png,1
12596_lr-0.png,0
12597_lr-0.png,0
12598_lr-0.png,1
12599_lr-0.png,1
12600_lr-0.png,0
12601_lr-0.png,0
12602_lr-0.png,0
12603_lr-0.png,0
12604_lr-0.png,1
12605_lr-0.png,0
12606_lr-0.png,1
12607_lr-0.png,1
12608_lr-0.png,1
12609_lr-0.png,1
12610_lr-0.png,0
12611_lr-0.png,0
12612_lr-0.png,0
12613_lr-0.png,1
12614_lr-0.png,0
12615_lr-0.png,0
12616_lr-0.png,0
12617_lr-0.png,1
12618_lr-0.png,0
12619_lr-0.png,1
12620_lr-0.png,1
12621_lr-0.png,1
12622_lr-0.png,1
12623_lr-0.png,0
12624_lr-0.png,1
12625_lr-0.png,1
12626_lr-0.png,1
12627_lr-0.png,0
12628_lr-0.png,0
12629_lr-0.png,0
12630_lr-0.png,0
12631_lr-0.png,0
12632_lr-0.png,0
12633_lr-0.png,0
12634_lr-0.png,0
12635_lr-0.png,0
12636_lr-0.png,0
12637_lr-0.png,1
12638_lr-0.png,1
12639_lr-0.png,0
12640_lr-0.png,0
12641_lr-0.png,0
12642_lr-0.png,0
12643_lr-0.png,0
12644_lr-0.png,0
12645_lr-0.png,1
12646_lr-0.png,0
12647_lr-0.png,0
12648_lr-0.png,0
12649_lr-0.png,0
12650_lr-0.png,0
12651_lr-0.png,1
12652_lr-0.png,1
12653_lr-0.png,1
12654_lr-0.png,0
12655_lr-0.png,0
12656_lr-0.png,0
12657_lr-0.png,1
12658_lr-0.png,0
12659_lr-0.png,1
12660_lr-0.png,1
12661_lr-0.png,1
12662_lr-0.png,0
12663_lr-0.png,0
12664_lr-0.png,0
12665_lr-0.png,0
12666_lr-0.png,1
12667_lr-0.png,0
12668_lr-0.png,1
12669_lr-0.png,0
12670_lr-0.png,0
12671_lr-0.png,0
12672_lr-0.png,1
12673_lr-0.png,0
12674_lr-0.png,0
12675_lr-0.png,0
12676_lr-0.png,1
12677_lr-0.png,1
12678_lr-0.png,0
12679_lr-0.png,0
12680_lr-0.png,0
12681_lr-0.png,0
12682_lr-0.png,0
12683_lr-0.png,1
12684_lr-0.png,0
12685_lr-0.png,0
12686_lr-0.png,1
12687_lr-0.png,0
12688_lr-0.png,0
12689_lr-0.png,1
12690_lr-0.png,0
12691_lr-0.png,1
12692_lr-0.png,0
12693_lr-0.png,0
12694_lr-0.png,1
12695_lr-0.png,1
12696_lr-0.png,1
12697_lr-0.png,1
12698_lr-0.png,1
12699_lr-0.png,1
12700_lr-0.png,1
12701_lr-0.png,1
12702_lr-0.png,1
12703_lr-0.png,0
12704_lr-0.png,1
12705_lr-0.png,1
12706_lr-0.png,1
12707_lr-0.png,1
12708_lr-0.png,0
12709_lr-0.png,1
12710_lr-0.png,0
12711_lr-0.png,1
12712_lr-0.png,0
12713_lr-0.png,1
12714_lr-0.png,0
12715_lr-0.png,1
12716_lr-0.png,0
12717_lr-0.png,0
12718_lr-0.png,0
12719_lr-0.png,0
12720_lr-0.png,1
12721_lr-0.png,0
12722_lr-0.png,0
12723_lr-0.png,0
12724_lr-0.png,0
12725_lr-0.png,1
12726_lr-0.png,0
12727_lr-0.png,1
12728_lr-0.png,1
12729_lr-0.png,1
12730_lr-0.png,1
12731_lr-0.png,0
12732_lr-0.png,1
12733_lr-0.png,1
12734_lr-0.png,1
12735_lr-0.png,0
12736_lr-0.png,0
12737_lr-0.png,0
12738_lr-0.png,0
12739_lr-0.png,1
12740_lr-0.png,0
12741_lr-0.png,0
12742_lr-0.png,1
12743_lr-0.png,1
12744_lr-0.png,1
12745_lr-0.png,1
12746_lr-0.png,0
12747_lr-0.png,0
12748_lr-0.png,0
12749_lr-0.png,0
12750_lr-0.png,0
12751_lr-0.png,1
12752_lr-0.png,1
12753_lr-0.png,0
12754_lr-0.png,1
12755_lr-0.png,0
12756_lr-0.png,0
12757_lr-0.png,1
12758_lr-0.png,0
12759_lr-0.png,1
12760_lr-0.png,1
12761_lr-0.png,0
12762_lr-0.png,0
12763_lr-0.png,1
12764_lr-0.png,1
12765_lr-0.png,1
12766_lr-0.png,1
12767_lr-0.png,0
12768_lr-0.png,1
12769_lr-0.png,0
12770_lr-0.png,0
12771_lr-0.png,1
12772_lr-0.png,0
12773_lr-0.png,1
12774_lr-0.png,0
12775_lr-0.png,0
12776_lr-0.png,0
12777_lr-0.png,0
12778_lr-0.png,1
12779_lr-0.png,0
12780_lr-0.png,0
12781_lr-0.png,0
12782_lr-0.png,1
12783_lr-0.png,1
12784_lr-0.png,1
12785_lr-0.png,0
12786_lr-0.png,0
12787_lr-0.png,0
12788_lr-0.png,0
12789_lr-0.png,1
12790_lr-0.png,0
12791_lr-0.png,1
12792_lr-0.png,0
12793_lr-0.png,0
12794_lr-0.png,1
12795_lr-0.png,0
12796_lr-0.png,0
12797_lr-0.png,0
12798_lr-0.png,0
12799_lr-0.png,0
12800_lr-0.png,0
12801_lr-0.png,0
12802_lr-0.png,0
12803_lr-0.png,0
12804_lr-0.png,0
12805_lr-0.png,1
12806_lr-0.png,1
12807_lr-0.png,0
12808_lr-0.png,0
12809_lr-0.png,0
12810_lr-0.png,0
12811_lr-0.png,0
12812_lr-0.png,1
12813_lr-0.png,0
12814_lr-0.png,0
12815_lr-0.png,1
12816_lr-0.png,0
12817_lr-0.png,1
12818_lr-0.png,0
12819_lr-0.png,1
12820_lr-0.png,1
12821_lr-0.png,0
12822_lr-0.png,0
12823_lr-0.png,0
12824_lr-0.png,1
12825_lr-0.png,0
12826_lr-0.png,0
12827_lr-0.png,0
12828_lr-0.png,0
12829_lr-0.png,1
12830_lr-0.png,0
12831_lr-0.png,0
12832_lr-0.png,1
12833_lr-0.png,1
12834_lr-0.png,0
12835_lr-0.png,1
12836_lr-0.png,1
12837_lr-0.png,1
12838_lr-0.png,0
12839_lr-0.png,1
12840_lr-0.png,0
12841_lr-0.png,0
12842_lr-0.png,1
12843_lr-0.png,0
12844_lr-0.png,0
12845_lr-0.png,0
12846_lr-0.png,1
12847_lr-0.png,0
12848_lr-0.png,0
12849_lr-0.png,0
12850_lr-0.png,0
12851_lr-0.png,0
12852_lr-0.png,0
12853_lr-0.png,1
12854_lr-0.png,0
12855_lr-0.png,1
12856_lr-0.png,0
12857_lr-0.png,0
12858_lr-0.png,0
12859_lr-0.png,1
12860_lr-0.png,1
12861_lr-0.png,1
12862_lr-0.png,1
12863_lr-0.png,0
12864_lr-0.png,1
12865_lr-0.png,0
12866_lr-0.png,0
12867_lr-0.png,0
12868_lr-0.png,0
12869_lr-0.png,0
12870_lr-0.png,0
12871_lr-0.png,0
12872_lr-0.png,0
12873_lr-0.png,0
12874_lr-0.png,0
12875_lr-0.png,1
12876_lr-0.png,0
12877_lr-0.png,1
12878_lr-0.png,1
12879_lr-0.png,0
12880_lr-0.png,1
12881_lr-0.png,0
12882_lr-0.png,0
12883_lr-0.png,1
12884_lr-0.png,1
12885_lr-0.png,1
12886_lr-0.png,1
12887_lr-0.png,0
12888_lr-0.png,0
12889_lr-0.png,0
12890_lr-0.png,1
12891_lr-0.png,0
12892_lr-0.png,1
12893_lr-0.png,0
12894_lr-0.png,0
12895_lr-0.png,0
12896_lr-0.png,0
12897_lr-0.png,0
12898_lr-0.png,0
12899_lr-0.png,0
12900_lr-0.png,1
12901_lr-0.png,1
12902_lr-0.png,0
12903_lr-0.png,0
12904_lr-0.png,0
12905_lr-0.png,1
12906_lr-0.png,0
12907_lr-0.png,0
12908_lr-0.png,0
12909_lr-0.png,0
12910_lr-0.png,0
12911_lr-0.png,1
12912_lr-0.png,0
12913_lr-0.png,1
12914_lr-0.png,0
12915_lr-0.png,0
12916_lr-0.png,1
12917_lr-0.png,0
12918_lr-0.png,1
12919_lr-0.png,1
12920_lr-0.png,0
12921_lr-0.png,0
12922_lr-0.png,0
12923_lr-0.png,0
12924_lr-0.png,0
12925_lr-0.png,1
12926_lr-0.png,0
12927_lr-0.png,0
12928_lr-0.png,1
12929_lr-0.png,1
12930_lr-0.png,0
12931_lr-0.png,1
12932_lr-0.png,1
12933_lr-0.png,0
12934_lr-0.png,0
12935_lr-0.png,0
12936_lr-0.png,0
12937_lr-0.png,0
12938_lr-0.png,0
12939_lr-0.png,0
12940_lr-0.png,0
12941_lr-0.png,0
12942_lr-0.png,0
12943_lr-0.png,0
12944_lr-0.png,1
12945_lr-0.png,0
12946_lr-0.png,1
12947_lr-0.png,1
12948_lr-0.png,0
12949_lr-0.png,1
12950_lr-0.png,0
12951_lr-0.png,1
12952_lr-0.png,0
12953_lr-0.png,0
12954_lr-0.png,1
12955_lr-0.png,0
12956_lr-0.png,1
12957_lr-0.png,1
12958_lr-0.png,0
12959_lr-0.png,0
12960_lr-0.png,0
12961_lr-0.png,0
12962_lr-0.png,1
12963_lr-0.png,0
12964_lr-0.png,1
12965_lr-0.png,1
12966_lr-0.png,1
12967_lr-0.png,1
12968_lr-0.png,0
12969_lr-0.png,1
12970_lr-0.png,0
12971_lr-0.png,0
12972_lr-0.png,0
12973_lr-0.png,0
12974_lr-0.png,0
12975_lr-0.png,0
12976_lr-0.png,0
12977_lr-0.png,0
12978_lr-0.png,0
12979_lr-0.png,0
12980_lr-0.png,0
12981_lr-0.png,1
12982_lr-0.png,1
12983_lr-0.png,0
12984_lr-0.png,0
12985_lr-0.png,1
12986_lr-0.png,0
12987_lr-0.png,0
12988_lr-0.png,0
12989_lr-0.png,0
12990_lr-0.png,0
12991_lr-0.png,0
12992_lr-0.png,0
12993_lr-0.png,0
12994_lr-0.png,0
12995_lr-0.png,1
12996_lr-0.png,1
12997_lr-0.png,0
12998_lr-0.png,0
12999_lr-0.png,1
13000_lr-0.png,1
13001_lr-0.png,0
13002_lr-0.png,1
13003_lr-0.png,1
13004_lr-0.png,0
13005_lr-0.png,1
13006_lr-0.png,1
13007_lr-0.png,0
13008_lr-0.png,1
13009_lr-0.png,1
13010_lr-0.png,1
13011_lr-0.png,1
13012_lr-0.png,0
13013_lr-0.png,0
13014_lr-0.png,1
13015_lr-0.png,0
13016_lr-0.png,0
13017_lr-0.png,1
13018_lr-0.png,1
13019_lr-0.png,0
13020_lr-0.png,0
13021_lr-0.png,1
13022_lr-0.png,0
13023_lr-0.png,0
13024_lr-0.png,0
13025_lr-0.png,1
13026_lr-0.png,1
13027_lr-0.png,1
13028_lr-0.png,1
13029_lr-0.png,1
13030_lr-0.png,0
13031_lr-0.png,0
13032_lr-0.png,0
13033_lr-0.png,0
13034_lr-0.png,1
13035_lr-0.png,1
13036_lr-0.png,1
13037_lr-0.png,0
13038_lr-0.png,0
13039_lr-0.png,0
13040_lr-0.png,0
13041_lr-0.png,0
13042_lr-0.png,1
13043_lr-0.png,0
13044_lr-0.png,0
13045_lr-0.png,1
13046_lr-0.png,0
13047_lr-0.png,0
13048_lr-0.png,0
13049_lr-0.png,1
13050_lr-0.png,0
13051_lr-0.png,1
13052_lr-0.png,1
13053_lr-0.png,0
13054_lr-0.png,0
13055_lr-0.png,0
13056_lr-0.png,1
13057_lr-0.png,0
13058_lr-0.png,0
13059_lr-0.png,1
13060_lr-0.png,0
13061_lr-0.png,0
13062_lr-0.png,1
13063_lr-0.png,1
13064_lr-0.png,0
13065_lr-0.png,0
13066_lr-0.png,1
13067_lr-0.png,1
13068_lr-0.png,0
13069_lr-0.png,0
13070_lr-0.png,1
13071_lr-0.png,1
13072_lr-0.png,0
13073_lr-0.png,1
13074_lr-0.png,1
13075_lr-0.png,1
13076_lr-0.png,1
13077_lr-0.png,0
13078_lr-0.png,0
13079_lr-0.png,0
13080_lr-0.png,1
13081_lr-0.png,1
13082_lr-0.png,0
13083_lr-0.png,0
13084_lr-0.png,0
13085_lr-0.png,0
13086_lr-0.png,0
13087_lr-0.png,0
13088_lr-0.png,1
13089_lr-0.png,1
13090_lr-0.png,0
13091_lr-0.png,1
13092_lr-0.png,1
13093_lr-0.png,1
13094_lr-0.png,0
13095_lr-0.png,1
13096_lr-0.png,0
13097_lr-0.png,0
13098_lr-0.png,0
13099_lr-0.png,0
13100_lr-0.png,0
13101_lr-0.png,0
13102_lr-0.png,1
13103_lr-0.png,1
13104_lr-0.png,1
13105_lr-0.png,1
13106_lr-0.png,0
13107_lr-0.png,0
13108_lr-0.png,0
13109_lr-0.png,1
13110_lr-0.png,0
13111_lr-0.png,0
13112_lr-0.png,0
13113_lr-0.png,1
13114_lr-0.png,1
13115_lr-0.png,0
13116_lr-0.png,0
13117_lr-0.png,1
13118_lr-0.png,1
13119_lr-0.png,1
13120_lr-0.png,1
13121_lr-0.png,1
13122_lr-0.png,0
13123_lr-0.png,1
13124_lr-0.png,0
13125_lr-0.png,1
13126_lr-0.png,1
13127_lr-0.png,0
13128_lr-0.png,1
13129_lr-0.png,1
13130_lr-0.png,0
13131_lr-0.png,0
13132_lr-0.png,0
13133_lr-0.png,0
13134_lr-0.png,1
13135_lr-0.png,0
13136_lr-0.png,0
13137_lr-0.png,0
13138_lr-0.png,1
13139_lr-0.png,0
13140_lr-0.png,1
13141_lr-0.png,1
13142_lr-0.png,0
13143_lr-0.png,0
13144_lr-0.png,0
13145_lr-0.png,1
13146_lr-0.png,1
13147_lr-0.png,1
13148_lr-0.png,0
13149_lr-0.png,1
13150_lr-0.png,0
13151_lr-0.png,0
13152_lr-0.png,1
13153_lr-0.png,0
13154_lr-0.png,0
13155_lr-0.png,0
13156_lr-0.png,0
13157_lr-0.png,0
13158_lr-0.png,0
13159_lr-0.png,0
13160_lr-0.png,0
13161_lr-0.png,1
13162_lr-0.png,1
13163_lr-0.png,0
13164_lr-0.png,0
13165_lr-0.png,0
13166_lr-0.png,0
13167_lr-0.png,0
13168_lr-0.png,0
13169_lr-0.png,1
13170_lr-0.png,0
13171_lr-0.png,0
13172_lr-0.png,1
13173_lr-0.png,0
13174_lr-0.png,0
13175_lr-0.png,0
13176_lr-0.png,0
13177_lr-0.png,0
13178_lr-0.png,1
13179_lr-0.png,0
13180_lr-0.png,1
13181_lr-0.png,1
13182_lr-0.png,0
13183_lr-0.png,1
13184_lr-0.png,0
13185_lr-0.png,1
13186_lr-0.png,0
13187_lr-0.png,1
13188_lr-0.png,0
13189_lr-0.png,0
13190_lr-0.png,0
13191_lr-0.png,1
13192_lr-0.png,1
13193_lr-0.png,0
13194_lr-0.png,1
13195_lr-0.png,1
13196_lr-0.png,0
13197_lr-0.png,0
13198_lr-0.png,0
13199_lr-0.png,0
13200_lr-0.png,0
13201_lr-0.png,0
13202_lr-0.png,1
13203_lr-0.png,1
13204_lr-0.png,0
13205_lr-0.png,0
13206_lr-0.png,1
13207_lr-0.png,1
13208_lr-0.png,0
13209_lr-0.png,0
13210_lr-0.png,1
13211_lr-0.png,1
13212_lr-0.png,1
13213_lr-0.png,1
13214_lr-0.png,0
13215_lr-0.png,0
13216_lr-0.png,0
13217_lr-0.png,0
13218_lr-0.png,0
13219_lr-0.png,0
13220_lr-0.png,1
13221_lr-0.png,0
13222_lr-0.png,0
13223_lr-0.png,0
13224_lr-0.png,0
13225_lr-0.png,0
13226_lr-0.png,1
13227_lr-0.png,0
13228_lr-0.png,0
13229_lr-0.png,1
13230_lr-0.png,0
13231_lr-0.png,1
13232_lr-0.png,1
13233_lr-0.png,0
13234_lr-0.png,1
13235_lr-0.png,0
13236_lr-0.png,1
13237_lr-0.png,0
13238_lr-0.png,0
13239_lr-0.png,0
13240_lr-0.png,1
13241_lr-0.png,0
13242_lr-0.png,1
13243_lr-0.png,0
13244_lr-0.png,0
13245_lr-0.png,1
13246_lr-0.png,0
13247_lr-0.png,0
13248_lr-0.png,0
13249_lr-0.png,0
13250_lr-0.png,1
13251_lr-0.png,0
13252_lr-0.png,1
13253_lr-0.png,0
13254_lr-0.png,1
13255_lr-0.png,0
13256_lr-0.png,1
13257_lr-0.png,0
13258_lr-0.png,0
13259_lr-0.png,0
13260_lr-0.png,1
13261_lr-0.png,0
13262_lr-0.png,0
13263_lr-0.png,0
13264_lr-0.png,0
13265_lr-0.png,1
13266_lr-0.png,0
13267_lr-0.png,1
13268_lr-0.png,1
13269_lr-0.png,0
13270_lr-0.png,1
13271_lr-0.png,0
13272_lr-0.png,0
13273_lr-0.png,1
13274_lr-0.png,1
13275_lr-0.png,0
13276_lr-0.png,0
13277_lr-0.png,0
13278_lr-0.png,0
13279_lr-0.png,1
13280_lr-0.png,0
13281_lr-0.png,0
13282_lr-0.png,1
13283_lr-0.png,1
13284_lr-0.png,0
13285_lr-0.png,1
13286_lr-0.png,1
13287_lr-0.png,0
13288_lr-0.png,1
13289_lr-0.png,0
13290_lr-0.png,0
13291_lr-0.png,0
13292_lr-0.png,0
13293_lr-0.png,0
13294_lr-0.png,1
13295_lr-0.png,1
13296_lr-0.png,0
13297_lr-0.png,0
13298_lr-0.png,0
13299_lr-0.png,0
13300_lr-0.png,0
13301_lr-0.png,0
13302_lr-0.png,0
13303_lr-0.png,0
13304_lr-0.png,1
13305_lr-0.png,0
13306_lr-0.png,0
13307_lr-0.png,0
13308_lr-0.png,0
13309_lr-0.png,0
13310_lr-0.png,1
13311_lr-0.png,1
13312_lr-0.png,1
13313_lr-0.png,0
13314_lr-0.png,1
13315_lr-0.png,1
13316_lr-0.png,1
13317_lr-0.png,1
13318_lr-0.png,0
13319_lr-0.png,1
13320_lr-0.png,1
13321_lr-0.png,0
13322_lr-0.png,0
13323_lr-0.png,1
13324_lr-0.png,1
13325_lr-0.png,0
13326_lr-0.png,0
13327_lr-0.png,0
13328_lr-0.png,0
13329_lr-0.png,0
13330_lr-0.png,1
13331_lr-0.png,0
13332_lr-0.png,1
13333_lr-0.png,0
13334_lr-0.png,0
13335_lr-0.png,0
13336_lr-0.png,0
13337_lr-0.png,0
13338_lr-0.png,0
13339_lr-0.png,0
13340_lr-0.png,0
13341_lr-0.png,1
13342_lr-0.png,1
13343_lr-0.png,0
13344_lr-0.png,1
13345_lr-0.png,0
13346_lr-0.png,1
13347_lr-0.png,0
13348_lr-0.png,1
13349_lr-0.png,1
13350_lr-0.png,0
13351_lr-0.png,0
13352_lr-0.png,0
13353_lr-0.png,1
13354_lr-0.png,1
13355_lr-0.png,1
13356_lr-0.png,1
13357_lr-0.png,0
13358_lr-0.png,0
13359_lr-0.png,1
13360_lr-0.png,1
13361_lr-0.png,0
13362_lr-0.png,0
13363_lr-0.png,1
13364_lr-0.png,1
13365_lr-0.png,0
13366_lr-0.png,0
13367_lr-0.png,1
13368_lr-0.png,1
13369_lr-0.png,0
13370_lr-0.png,1
13371_lr-0.png,0
13372_lr-0.png,1
13373_lr-0.png,1
13374_lr-0.png,0
13375_lr-0.png,0
13376_lr-0.png,0
13377_lr-0.png,1
13378_lr-0.png,0
13379_lr-0.png,1
13380_lr-0.png,1
13381_lr-0.png,0
13382_lr-0.png,1
13383_lr-0.png,1
13384_lr-0.png,1
13385_lr-0.png,0
13386_lr-0.png,0
13387_lr-0.png,0
13388_lr-0.png,0
13389_lr-0.png,0
13390_lr-0.png,0
13391_lr-0.png,1
13392_lr-0.png,0
13393_lr-0.png,0
13394_lr-0.png,1
13395_lr-0.png,1
13396_lr-0.png,1
13397_lr-0.png,0
13398_lr-0.png,1
13399_lr-0.png,0
13400_lr-0.png,1
13401_lr-0.png,0
13402_lr-0.png,0
13403_lr-0.png,1
13404_lr-0.png,1
13405_lr-0.png,0
13406_lr-0.png,0
13407_lr-0.png,1
13408_lr-0.png,1
13409_lr-0.png,1
13410_lr-0.png,1
13411_lr-0.png,0
13412_lr-0.png,0
13413_lr-0.png,1
13414_lr-0.png,1
13415_lr-0.png,0
13416_lr-0.png,0
13417_lr-0.png,0
13418_lr-0.png,1
13419_lr-0.png,0
13420_lr-0.png,0
13421_lr-0.png,0
13422_lr-0.png,0
13423_lr-0.png,0
13424_lr-0.png,0
13425_lr-0.png,0
13426_lr-0.png,1
13427_lr-0.png,1
13428_lr-0.png,1
13429_lr-0.png,0
13430_lr-0.png,1
13431_lr-0.png,0
13432_lr-0.png,0
13433_lr-0.png,0
13434_lr-0.png,0
13435_lr-0.png,0
13436_lr-0.png,1
13437_lr-0.png,0
13438_lr-0.png,1
13439_lr-0.png,0
13440_lr-0.png,1
13441_lr-0.png,0
13442_lr-0.png,0
13443_lr-0.png,0
13444_lr-0.png,0
13445_lr-0.png,0
13446_lr-0.png,0
13447_lr-0.png,1
13448_lr-0.png,1
13449_lr-0.png,0
13450_lr-0.png,1
13451_lr-0.png,1
13452_lr-0.png,1
13453_lr-0.png,0
13454_lr-0.png,0
13455_lr-0.png,0
13456_lr-0.png,0
13457_lr-0.png,0
13458_lr-0.png,0
13459_lr-0.png,0
13460_lr-0.png,0
13461_lr-0.png,0
13462_lr-0.png,0
13463_lr-0.png,1
13464_lr-0.png,0
13465_lr-0.png,0
13466_lr-0.png,0
13467_lr-0.png,1
13468_lr-0.png,0
13469_lr-0.png,0
13470_lr-0.png,0
13471_lr-0.png,0
13472_lr-0.png,1
13473_lr-0.png,0
13474_lr-0.png,0
13475_lr-0.png,0
13476_lr-0.png,1
13477_lr-0.png,0
13478_lr-0.png,1
13479_lr-0.png,0
13480_lr-0.png,1
13481_lr-0.png,0
13482_lr-0.png,0
13483_lr-0.png,0
13484_lr-0.png,0
13485_lr-0.png,0
13486_lr-0.png,0
13487_lr-0.png,0
13488_lr-0.png,1
13489_lr-0.png,0
13490_lr-0.png,1
13491_lr-0.png,1
13492_lr-0.png,1
13493_lr-0.png,1
13494_lr-0.png,1
13495_lr-0.png,0
13496_lr-0.png,1
13497_lr-0.png,1
13498_lr-0.png,1
13499_lr-0.png,0
13500_lr-0.png,0
13501_lr-0.png,0
13502_lr-0.png,1
13503_lr-0.png,0
13504_lr-0.png,1
13505_lr-0.png,1
13506_lr-0.png,1
13507_lr-0.png,0
13508_lr-0.png,1
13509_lr-0.png,1
13510_lr-0.png,0
13511_lr-0.png,1
13512_lr-0.png,1
13513_lr-0.png,1
13514_lr-0.png,0
13515_lr-0.png,0
13516_lr-0.png,0
13517_lr-0.png,0
13518_lr-0.png,0
13519_lr-0.png,1
13520_lr-0.png,0
13521_lr-0.png,1
13522_lr-0.png,1
13523_lr-0.png,0
13524_lr-0.png,0
13525_lr-0.png,1
13526_lr-0.png,1
13527_lr-0.png,1
13528_lr-0.png,0
13529_lr-0.png,0
13530_lr-0.png,0
13531_lr-0.png,1
13532_lr-0.png,0
13533_lr-0.png,0
13534_lr-0.png,0
13535_lr-0.png,0
13536_lr-0.png,1
13537_lr-0.png,1
13538_lr-0.png,0
13539_lr-0.png,0
13540_lr-0.png,1
13541_lr-0.png,1
13542_lr-0.png,0
13543_lr-0.png,1
13544_lr-0.png,1
13545_lr-0.png,1
13546_lr-0.png,1
13547_lr-0.png,0
13548_lr-0.png,0
13549_lr-0.png,1
13550_lr-0.png,1
13551_lr-0.png,1
13552_lr-0.png,0
13553_lr-0.png,0
13554_lr-0.png,0
13555_lr-0.png,1
13556_lr-0.png,0
13557_lr-0.png,0
13558_lr-0.png,1
13559_lr-0.png,0
13560_lr-0.png,1
13561_lr-0.png,0
13562_lr-0.png,0
13563_lr-0.png,0
13564_lr-0.png,0
13565_lr-0.png,0
13566_lr-0.png,0
13567_lr-0.png,1
13568_lr-0.png,1
13569_lr-0.png,0
13570_lr-0.png,0
13571_lr-0.png,1
13572_lr-0.png,1
13573_lr-0.png,1
13574_lr-0.png,0
13575_lr-0.png,1
13576_lr-0.png,1
13577_lr-0.png,0
13578_lr-0.png,1
13579_lr-0.png,1
13580_lr-0.png,0
13581_lr-0.png,0
13582_lr-0.png,1
13583_lr-0.png,0
13584_lr-0.png,0
13585_lr-0.png,0
13586_lr-0.png,0
13587_lr-0.png,1
13588_lr-0.png,0
13589_lr-0.png,1
13590_lr-0.png,0
13591_lr-0.png,1
13592_lr-0.png,0
13593_lr-0.png,1
13594_lr-0.png,1
13595_lr-0.png,1
13596_lr-0.png,1
13597_lr-0.png,1
13598_lr-0.png,0
13599_lr-0.png,1
13600_lr-0.png,1
13601_lr-0.png,0
13602_lr-0.png,1
13603_lr-0.png,0
13604_lr-0.png,1
13605_lr-0.png,1
13606_lr-0.png,0
13607_lr-0.png,0
13608_lr-0.png,1
13609_lr-0.png,1
13610_lr-0.png,1
13611_lr-0.png,1
13612_lr-0.png,0
13613_lr-0.png,1
13614_lr-0.png,0
13615_lr-0.png,0
13616_lr-0.png,0
13617_lr-0.png,0
13618_lr-0.png,0
13619_lr-0.png,0
13620_lr-0.png,0
13621_lr-0.png,1
13622_lr-0.png,1
13623_lr-0.png,0
13624_lr-0.png,0
13625_lr-0.png,1
13626_lr-0.png,1
13627_lr-0.png,1
13628_lr-0.png,0
13629_lr-0.png,0
13630_lr-0.png,1
13631_lr-0.png,1
13632_lr-0.png,0
13633_lr-0.png,0
13634_lr-0.png,0
13635_lr-0.png,0
13636_lr-0.png,1
13637_lr-0.png,1
13638_lr-0.png,0
13639_lr-0.png,0
13640_lr-0.png,0
13641_lr-0.png,0
13642_lr-0.png,1
13643_lr-0.png,1
13644_lr-0.png,1
13645_lr-0.png,1
13646_lr-0.png,1
13647_lr-0.png,1
13648_lr-0.png,0
13649_lr-0.png,1
13650_lr-0.png,0
13651_lr-0.png,1
13652_lr-0.png,0
13653_lr-0.png,0
13654_lr-0.png,0
13655_lr-0.png,0
13656_lr-0.png,1
13657_lr-0.png,0
13658_lr-0.png,0
13659_lr-0.png,1
13660_lr-0.png,1
13661_lr-0.png,0
13662_lr-0.png,0
13663_lr-0.png,1
13664_lr-0.png,0
13665_lr-0.png,0
13666_lr-0.png,0
13667_lr-0.png,1
13668_lr-0.png,1
13669_lr-0.png,1
13670_lr-0.png,0
13671_lr-0.png,0
13672_lr-0.png,0
13673_lr-0.png,1
13674_lr-0.png,0
13675_lr-0.png,1
13676_lr-0.png,0
13677_lr-0.png,1
13678_lr-0.png,1
13679_lr-0.png,0
13680_lr-0.png,1
13681_lr-0.png,0
13682_lr-0.png,0
13683_lr-0.png,1
13684_lr-0.png,0
13685_lr-0.png,1
13686_lr-0.png,0
13687_lr-0.png,0
13688_lr-0.png,1
13689_lr-0.png,0
13690_lr-0.png,1
13691_lr-0.png,1
13692_lr-0.png,1
13693_lr-0.png,0
13694_lr-0.png,0
13695_lr-0.png,0
13696_lr-0.png,1
13697_lr-0.png,1
13698_lr-0.png,0
13699_lr-0.png,1
13700_lr-0.png,0
13701_lr-0.png,1
13702_lr-0.png,0
13703_lr-0.png,1
13704_lr-0.png,1
13705_lr-0.png,1
13706_lr-0.png,1
13707_lr-0.png,1
13708_lr-0.png,1
13709_lr-0.png,1
13710_lr-0.png,0
13711_lr-0.png,0
13712_lr-0.png,1
13713_lr-0.png,1
13714_lr-0.png,1
13715_lr-0.png,0
13716_lr-0.png,1
13717_lr-0.png,1
13718_lr-0.png,0
13719_lr-0.png,0
13720_lr-0.png,0
13721_lr-0.png,0
13722_lr-0.png,1
13723_lr-0.png,1
13724_lr-0.png,0
13725_lr-0.png,0
13726_lr-0.png,0
13727_lr-0.png,1
13728_lr-0.png,0
13729_lr-0.png,0
13730_lr-0.png,0
13731_lr-0.png,0
13732_lr-0.png,0
13733_lr-0.png,1
13734_lr-0.png,0
13735_lr-0.png,1
13736_lr-0.png,1
13737_lr-0.png,1
13738_lr-0.png,1
13739_lr-0.png,0
13740_lr-0.png,1
13741_lr-0.png,0
13742_lr-0.png,0
13743_lr-0.png,1
13744_lr-0.png,0
13745_lr-0.png,0
13746_lr-0.png,1
13747_lr-0.png,1
13748_lr-0.png,1
13749_lr-0.png,1
13750_lr-0.png,1
13751_lr-0.png,1
13752_lr-0.png,1
13753_lr-0.png,1
13754_lr-0.png,1
13755_lr-0.png,1
13756_lr-0.png,1
13757_lr-0.png,0
13758_lr-0.png,1
13759_lr-0.png,1
13760_lr-0.png,0
13761_lr-0.png,1
13762_lr-0.png,1
13763_lr-0.png,0
13764_lr-0.png,0
13765_lr-0.png,1
13766_lr-0.png,1
13767_lr-0.png,1
13768_lr-0.png,1
13769_lr-0.png,0
13770_lr-0.png,1
13771_lr-0.png,0
13772_lr-0.png,0
13773_lr-0.png,1
13774_lr-0.png,0
13775_lr-0.png,0
13776_lr-0.png,1
13777_lr-0.png,1
13778_lr-0.png,0
13779_lr-0.png,0
13780_lr-0.png,1
13781_lr-0.png,1
13782_lr-0.png,1
13783_lr-0.png,1
13784_lr-0.png,1
13785_lr-0.png,1
13786_lr-0.png,1
13787_lr-0.png,0
13788_lr-0.png,0
13789_lr-0.png,0
13790_lr-0.png,0
13792_lr-0.png,1
13794_lr-0.png,0
13795_lr-0.png,1
13798_lr-0.png,0
13800_lr-0.png,0
13801_lr-0.png,1
13802_lr-0.png,1
13803_lr-0.png,0
13804_lr-0.png,0
13805_lr-0.png,1
13806_lr-0.png,1
13807_lr-0.png,1
13808_lr-0.png,1
13809_lr-0.png,1
13810_lr-0.png,0
13811_lr-0.png,1
13812_lr-0.png,1
13813_lr-0.png,0
13814_lr-0.png,0
13815_lr-0.png,0
13816_lr-0.png,1
13817_lr-0.png,1
13818_lr-0.png,1
13819_lr-0.png,0
13820_lr-0.png,0
13821_lr-0.png,1
13822_lr-0.png,1
13823_lr-0.png,0
13824_lr-0.png,1
13825_lr-0.png,0
13826_lr-0.png,0
13827_lr-0.png,0
13828_lr-0.png,0
13829_lr-0.png,0
13830_lr-0.png,0
13831_lr-0.png,0
13832_lr-0.png,0
13833_lr-0.png,1
13834_lr-0.png,1
13835_lr-0.png,0
13836_lr-0.png,1
13837_lr-0.png,0
13838_lr-0.png,0
13839_lr-0.png,0
13840_lr-0.png,0
13841_lr-0.png,1
13842_lr-0.png,1
13843_lr-0.png,0
13844_lr-0.png,0
13845_lr-0.png,0
13846_lr-0.png,1
13847_lr-0.png,0
13848_lr-0.png,1
13849_lr-0.png,0
13850_lr-0.png,1
13851_lr-0.png,0
13852_lr-0.png,0
13853_lr-0.png,0
13854_lr-0.png,1
13855_lr-0.png,0
13856_lr-0.png,0
13857_lr-0.png,1
13858_lr-0.png,0
13859_lr-0.png,0
13860_lr-0.png,1
13861_lr-0.png,0
13862_lr-0.png,1
13863_lr-0.png,1
13864_lr-0.png,0
13865_lr-0.png,1
13866_lr-0.png,1
13867_lr-0.png,0
13868_lr-0.png,0
13869_lr-0.png,0
13870_lr-0.png,1
13871_lr-0.png,1
13872_lr-0.png,0
13873_lr-0.png,0
13874_lr-0.png,0
13875_lr-0.png,1
13876_lr-0.png,1
13877_lr-0.png,0
13878_lr-0.png,1
13879_lr-0.png,1
13880_lr-0.png,0
13881_lr-0.png,0
13882_lr-0.png,0
13883_lr-0.png,0
13884_lr-0.png,1
13885_lr-0.png,0
13886_lr-0.png,0
13887_lr-0.png,1
13888_lr-0.png,0
13889_lr-0.png,1
13890_lr-0.png,0
13891_lr-0.png,0
13892_lr-0.png,1
13893_lr-0.png,0
13894_lr-0.png,1
13895_lr-0.png,1
13896_lr-0.png,0
13897_lr-0.png,0
13898_lr-0.png,1
13899_lr-0.png,0
13900_lr-0.png,1
13901_lr-0.png,1
13902_lr-0.png,1
13903_lr-0.png,1
13904_lr-0.png,0
13905_lr-0.png,1
13906_lr-0.png,1
13907_lr-0.png,0
13908_lr-0.png,0
13909_lr-0.png,1
13910_lr-0.png,0
13911_lr-0.png,1
13912_lr-0.png,0
13913_lr-0.png,0
13914_lr-0.png,0
13915_lr-0.png,1
13916_lr-0.png,1
13917_lr-0.png,1
13918_lr-0.png,1
13919_lr-0.png,0
13920_lr-0.png,1
13921_lr-0.png,0
13922_lr-0.png,1
13923_lr-0.png,1
13924_lr-0.png,1
13925_lr-0.png,1
13926_lr-0.png,0
13927_lr-0.png,0
13928_lr-0.png,1
13929_lr-0.png,1
13930_lr-0.png,1
13931_lr-0.png,0
13932_lr-0.png,1
13933_lr-0.png,1
13934_lr-0.png,1
13935_lr-0.png,0
13936_lr-0.png,1
13937_lr-0.png,1
13938_lr-0.png,0
13939_lr-0.png,1
13940_lr-0.png,1
13941_lr-0.png,0
13942_lr-0.png,1
13943_lr-0.png,0
13944_lr-0.png,1
13945_lr-0.png,1
13946_lr-0.png,0
13947_lr-0.png,1
13948_lr-0.png,0
13949_lr-0.png,0
13950_lr-0.png,0
13951_lr-0.png,0
13952_lr-0.png,1
13953_lr-0.png,0
13954_lr-0.png,0
13955_lr-0.png,0
13956_lr-0.png,0
13957_lr-0.png,1
13958_lr-0.png,1
13959_lr-0.png,1
13960_lr-0.png,1
13961_lr-0.png,1
13962_lr-0.png,0
13963_lr-0.png,1
13964_lr-0.png,0
13965_lr-0.png,0
13966_lr-0.png,0
13967_lr-0.png,0
13968_lr-0.png,1
13969_lr-0.png,1
13970_lr-0.png,1
13971_lr-0.png,1
13972_lr-0.png,1
13973_lr-0.png,1
13974_lr-0.png,0
13975_lr-0.png,0
13976_lr-0.png,1
13977_lr-0.png,1
13978_lr-0.png,0
13979_lr-0.png,0
13980_lr-0.png,0
13981_lr-0.png,1
13982_lr-0.png,1
13983_lr-0.png,0
13984_lr-0.png,0
13985_lr-0.png,1
13986_lr-0.png,1
13987_lr-0.png,0
13988_lr-0.png,0
13989_lr-0.png,0
13990_lr-0.png,0
13991_lr-0.png,1
13992_lr-0.png,0
13993_lr-0.png,1
13994_lr-0.png,0
13995_lr-0.png,1
13996_lr-0.png,0
13997_lr-0.png,0
13998_lr-0.png,0
13999_lr-0.png,1
14000_lr-0.png,1
14001_lr-0.png,1
14002_lr-0.png,1
14003_lr-0.png,1
14004_lr-0.png,0
14005_lr-0.png,0
14006_lr-0.png,1
14007_lr-0.png,0
14008_lr-0.png,0
14009_lr-0.png,0
14010_lr-0.png,0
14011_lr-0.png,0
14012_lr-0.png,1
14013_lr-0.png,1
14014_lr-0.png,0
14015_lr-0.png,1
14016_lr-0.png,0
14017_lr-0.png,0
14018_lr-0.png,0
14019_lr-0.png,0
14020_lr-0.png,0
14021_lr-0.png,1
14022_lr-0.png,1
14023_lr-0.png,1
14024_lr-0.png,0
14025_lr-0.png,1
14026_lr-0.png,0
14027_lr-0.png,1
14028_lr-0.png,1
14029_lr-0.png,0
14030_lr-0.png,1
14031_lr-0.png,0
14032_lr-0.png,1
14033_lr-0.png,0
14034_lr-0.png,0
14035_lr-0.png,0
14036_lr-0.png,1
14037_lr-0.png,0
14038_lr-0.png,1
14039_lr-0.png,1
14040_lr-0.png,1
14041_lr-0.png,0
14042_lr-0.png,0
14043_lr-0.png,1
14044_lr-0.png,1
14045_lr-0.png,0
14046_lr-0.png,1
14047_lr-0.png,0
14048_lr-0.png,0
14049_lr-0.png,1
14050_lr-0.png,1
14051_lr-0.png,1
14052_lr-0.png,1
14053_lr-0.png,0
14054_lr-0.png,0
14055_lr-0.png,1
14056_lr-0.png,1
14057_lr-0.png,1
14058_lr-0.png,1
14059_lr-0.png,0
14060_lr-0.png,0
14061_lr-0.png,1
14062_lr-0.png,1
14063_lr-0.png,1
14064_lr-0.png,1
14065_lr-0.png,1
14066_lr-0.png,1
14067_lr-0.png,1
14068_lr-0.png,1
14069_lr-0.png,0
14070_lr-0.png,0
14071_lr-0.png,1
14072_lr-0.png,0
14073_lr-0.png,0
14074_lr-0.png,0
14075_lr-0.png,1
14076_lr-0.png,1
14077_lr-0.png,1
14078_lr-0.png,1
14079_lr-0.png,1
14080_lr-0.png,1
14081_lr-0.png,0
14082_lr-0.png,1
14083_lr-0.png,0
14084_lr-0.png,1
14085_lr-0.png,0
14086_lr-0.png,0
14087_lr-0.png,0
14088_lr-0.png,0
14089_lr-0.png,0
14090_lr-0.png,0
14091_lr-0.png,0
14092_lr-0.png,1
14093_lr-0.png,0
14094_lr-0.png,0
14095_lr-0.png,1
14096_lr-0.png,1
14097_lr-0.png,1
14098_lr-0.png,1
14099_lr-0.png,0
14100_lr-0.png,0
14101_lr-0.png,0
14102_lr-0.png,0
14103_lr-0.png,1
14104_lr-0.png,1
14105_lr-0.png,1
14106_lr-0.png,1
14107_lr-0.png,1
14108_lr-0.png,1
14109_lr-0.png,0
14110_lr-0.png,0
14111_lr-0.png,0
14112_lr-0.png,1
14113_lr-0.png,1
14114_lr-0.png,1
14115_lr-0.png,1
14116_lr-0.png,0
14117_lr-0.png,1
14118_lr-0.png,1
14119_lr-0.png,0
14120_lr-0.png,1
14121_lr-0.png,1
14122_lr-0.png,0
14123_lr-0.png,0
14124_lr-0.png,1
14125_lr-0.png,0
14126_lr-0.png,0
14127_lr-0.png,0
14128_lr-0.png,0
14129_lr-0.png,1
14130_lr-0.png,0
14131_lr-0.png,0
14132_lr-0.png,1
14133_lr-0.png,1
14134_lr-0.png,1
14135_lr-0.png,1
14136_lr-0.png,1
14137_lr-0.png,0
14138_lr-0.png,1
14139_lr-0.png,1
14140_lr-0.png,1
14141_lr-0.png,1
14142_lr-0.png,0
14143_lr-0.png,1
14144_lr-0.png,0
14145_lr-0.png,1
14146_lr-0.png,1
14147_lr-0.png,1
14148_lr-0.png,0
14149_lr-0.png,1
14150_lr-0.png,1
14151_lr-0.png,1
14152_lr-0.png,0
14153_lr-0.png,1
14154_lr-0.png,1
14155_lr-0.png,0
14156_lr-0.png,1
14157_lr-0.png,0
14158_lr-0.png,0
14159_lr-0.png,1
14160_lr-0.png,0
14161_lr-0.png,0
14162_lr-0.png,1
14163_lr-0.png,0
14164_lr-0.png,1
14165_lr-0.png,1
14166_lr-0.png,0
14167_lr-0.png,0
14168_lr-0.png,1
14169_lr-0.png,1
14170_lr-0.png,1
14171_lr-0.png,0
14172_lr-0.png,0
14173_lr-0.png,0
14174_lr-0.png,0
14175_lr-0.png,1
14176_lr-0.png,1
14177_lr-0.png,1
14178_lr-0.png,0
14179_lr-0.png,1
14180_lr-0.png,0
14181_lr-0.png,0
14182_lr-0.png,1
14183_lr-0.png,0
14184_lr-0.png,1
14185_lr-0.png,1
14186_lr-0.png,1
14187_lr-0.png,1
14188_lr-0.png,1
14189_lr-0.png,1
14190_lr-0.png,0
14191_lr-0.png,1
14192_lr-0.png,0
14193_lr-0.png,1
14194_lr-0.png,0
14195_lr-0.png,0
14196_lr-0.png,0
14197_lr-0.png,1
14198_lr-0.png,0
14199_lr-0.png,1
14200_lr-0.png,1
14201_lr-0.png,0
14202_lr-0.png,0
14203_lr-0.png,0
14204_lr-0.png,1
14205_lr-0.png,1
14206_lr-0.png,1
14207_lr-0.png,1
14208_lr-0.png,1
14209_lr-0.png,0
14210_lr-0.png,1
14211_lr-0.png,0
14212_lr-0.png,1
14213_lr-0.png,1
14214_lr-0.png,1
14215_lr-0.png,0
14216_lr-0.png,0
14217_lr-0.png,0
14218_lr-0.png,1
14219_lr-0.png,0
14220_lr-0.png,1
14221_lr-0.png,0
14222_lr-0.png,1
14223_lr-0.png,1
14224_lr-0.png,0
14225_lr-0.png,0
14226_lr-0.png,1
14227_lr-0.png,1
14228_lr-0.png,0
14229_lr-0.png,1
14230_lr-0.png,0
14231_lr-0.png,1
14232_lr-0.png,1
14233_lr-0.png,0
14234_lr-0.png,1
14235_lr-0.png,1
14236_lr-0.png,1
14237_lr-0.png,0
14238_lr-0.png,0
14239_lr-0.png,0
14240_lr-0.png,0
14241_lr-0.png,1
14242_lr-0.png,0
14243_lr-0.png,0
14244_lr-0.png,0
14245_lr-0.png,1
14246_lr-0.png,0
14247_lr-0.png,0
14248_lr-0.png,1
14249_lr-0.png,1
14250_lr-0.png,0
14251_lr-0.png,1
14252_lr-0.png,0
14253_lr-0.png,1
14254_lr-0.png,0
14255_lr-0.png,1
14256_lr-0.png,1
14257_lr-0.png,1
14258_lr-0.png,0
14259_lr-0.png,1
14260_lr-0.png,0
14261_lr-0.png,1
14262_lr-0.png,1
14263_lr-0.png,1
14264_lr-0.png,0
14265_lr-0.png,0
14266_lr-0.png,0
14267_lr-0.png,0
14268_lr-0.png,0
14269_lr-0.png,0
14270_lr-0.png,1
14271_lr-0.png,0
14272_lr-0.png,1
14273_lr-0.png,1
14274_lr-0.png,1
14275_lr-0.png,0
14276_lr-0.png,1
14277_lr-0.png,1
14278_lr-0.png,1
14279_lr-0.png,0
14280_lr-0.png,0
14281_lr-0.png,0
14282_lr-0.png,1
14283_lr-0.png,0
14284_lr-0.png,0
14285_lr-0.png,0
14286_lr-0.png,0
14287_lr-0.png,1
14288_lr-0.png,1
14289_lr-0.png,1
14290_lr-0.png,0
14291_lr-0.png,0
14292_lr-0.png,1
14293_lr-0.png,1
14294_lr-0.png,1
14295_lr-0.png,0
14296_lr-0.png,0
14297_lr-0.png,0
14298_lr-0.png,0
14299_lr-0.png,1
14300_lr-0.png,0
14301_lr-0.png,1
14302_lr-0.png,1
14303_lr-0.png,0
14304_lr-0.png,1
14305_lr-0.png,0
14306_lr-0.png,1
14307_lr-0.png,1
14308_lr-0.png,0
14309_lr-0.png,0
14310_lr-0.png,1
14311_lr-0.png,0
14312_lr-0.png,0
14313_lr-0.png,0
14314_lr-0.png,0
14315_lr-0.png,0
14316_lr-0.png,0
14317_lr-0.png,0
14318_lr-0.png,0
14319_lr-0.png,0
14320_lr-0.png,1
14321_lr-0.png,1
14322_lr-0.png,1
14323_lr-0.png,0
14324_lr-0.png,1
14325_lr-0.png,0
14326_lr-0.png,0
14327_lr-0.png,0
14328_lr-0.png,0
14329_lr-0.png,1
14330_lr-0.png,0
14331_lr-0.png,0
14332_lr-0.png,0
14333_lr-0.png,0
14334_lr-0.png,0
14335_lr-0.png,0
14336_lr-0.png,0
14337_lr-0.png,1
14338_lr-0.png,1
14339_lr-0.png,1
14340_lr-0.png,0
14341_lr-0.png,0
14342_lr-0.png,1
14343_lr-0.png,0
14344_lr-0.png,0
14345_lr-0.png,0
14346_lr-0.png,1
14347_lr-0.png,0
14348_lr-0.png,1
14349_lr-0.png,0
14350_lr-0.png,0
14351_lr-0.png,0
14352_lr-0.png,1
14353_lr-0.png,1
14354_lr-0.png,0
14355_lr-0.png,0
14356_lr-0.png,1
14357_lr-0.png,1
14358_lr-0.png,0
14359_lr-0.png,1
14360_lr-0.png,0
14361_lr-0.png,0
14362_lr-0.png,1
14363_lr-0.png,1
14364_lr-0.png,0
14365_lr-0.png,1
14366_lr-0.png,1
14367_lr-0.png,1
14368_lr-0.png,1
14369_lr-0.png,0
14370_lr-0.png,0
14371_lr-0.png,0
14372_lr-0.png,1
14373_lr-0.png,0
14374_lr-0.png,0
14375_lr-0.png,1
14376_lr-0.png,1
14377_lr-0.png,1
14378_lr-0.png,0
14379_lr-0.png,0
14380_lr-0.png,1
14381_lr-0.png,1
14382_lr-0.png,0
14383_lr-0.png,1
14384_lr-0.png,0
14385_lr-0.png,1
14386_lr-0.png,1
14387_lr-0.png,0
14388_lr-0.png,0
14389_lr-0.png,0
14390_lr-0.png,0
14391_lr-0.png,0
14392_lr-0.png,0
14393_lr-0.png,0
14394_lr-0.png,0
14395_lr-0.png,0
14396_lr-0.png,1
14397_lr-0.png,1
14398_lr-0.png,1
14399_lr-0.png,0
14400_lr-0.png,0
14401_lr-0.png,0
14402_lr-0.png,1
14403_lr-0.png,1
14404_lr-0.png,1
14405_lr-0.png,0
14406_lr-0.png,0
14407_lr-0.png,1
14408_lr-0.png,1
14409_lr-0.png,1
14410_lr-0.png,1
14411_lr-0.png,0
14412_lr-0.png,1
14413_lr-0.png,0
14414_lr-0.png,1
14415_lr-0.png,1
14416_lr-0.png,1
14417_lr-0.png,0
14418_lr-0.png,1
14419_lr-0.png,0
14420_lr-0.png,0
14421_lr-0.png,0
14422_lr-0.png,0
14423_lr-0.png,0
14424_lr-0.png,0
14425_lr-0.png,1
14426_lr-0.png,1
14427_lr-0.png,0
14428_lr-0.png,0
14429_lr-0.png,0
14430_lr-0.png,0
14431_lr-0.png,0
14432_lr-0.png,0
14433_lr-0.png,0
14434_lr-0.png,0
14435_lr-0.png,1
14436_lr-0.png,0
14437_lr-0.png,1
14438_lr-0.png,1
14439_lr-0.png,0
14440_lr-0.png,0
14441_lr-0.png,0
14442_lr-0.png,0
14443_lr-0.png,1
14444_lr-0.png,1
14445_lr-0.png,1
14446_lr-0.png,0
14447_lr-0.png,1
14448_lr-0.png,0
14449_lr-0.png,1
14450_lr-0.png,0
14451_lr-0.png,0
14452_lr-0.png,1
14453_lr-0.png,0
14454_lr-0.png,0
14455_lr-0.png,0
14456_lr-0.png,0
14457_lr-0.png,1
14458_lr-0.png,0
14459_lr-0.png,1
14460_lr-0.png,1
14461_lr-0.png,1
14462_lr-0.png,1
14463_lr-0.png,1
14464_lr-0.png,1
14465_lr-0.png,1
14466_lr-0.png,1
14467_lr-0.png,0
14468_lr-0.png,0
14469_lr-0.png,1
14470_lr-0.png,0
14471_lr-0.png,0
14472_lr-0.png,0
14473_lr-0.png,0
14474_lr-0.png,0
14475_lr-0.png,0
14476_lr-0.png,0
14477_lr-0.png,0
14478_lr-0.png,0
14479_lr-0.png,0
14480_lr-0.png,0
14481_lr-0.png,0
14482_lr-0.png,1
14483_lr-0.png,1
14484_lr-0.png,1
14485_lr-0.png,1
14486_lr-0.png,1
14487_lr-0.png,0
14488_lr-0.png,1
14489_lr-0.png,0
14490_lr-0.png,0
14491_lr-0.png,0
14492_lr-0.png,0
14493_lr-0.png,0
14494_lr-0.png,0
14495_lr-0.png,0
14496_lr-0.png,0
14497_lr-0.png,0
14498_lr-0.png,0
14499_lr-0.png,0
14500_lr-0.png,0
14501_lr-0.png,1
14502_lr-0.png,1
14503_lr-0.png,1
14504_lr-0.png,1
14505_lr-0.png,0
14506_lr-0.png,1
14507_lr-0.png,0
14508_lr-0.png,0
14509_lr-0.png,1
14510_lr-0.png,1
14511_lr-0.png,0
14512_lr-0.png,0
14513_lr-0.png,1
14514_lr-0.png,1
14515_lr-0.png,0
14516_lr-0.png,0
14517_lr-0.png,0
14518_lr-0.png,0
14519_lr-0.png,1
14520_lr-0.png,1
14521_lr-0.png,0
14522_lr-0.png,0
14523_lr-0.png,0
14524_lr-0.png,1
14525_lr-0.png,1
14526_lr-0.png,1
14527_lr-0.png,1
14528_lr-0.png,1
14529_lr-0.png,0
14530_lr-0.png,1
14531_lr-0.png,0
14532_lr-0.png,1
14533_lr-0.png,1
14534_lr-0.png,0
14535_lr-0.png,0
14536_lr-0.png,1
14537_lr-0.png,0
14538_lr-0.png,0
14539_lr-0.png,1
14540_lr-0.png,0
14541_lr-0.png,0
14542_lr-0.png,0
14543_lr-0.png,0
14544_lr-0.png,0
14545_lr-0.png,1
14546_lr-0.png,1
14547_lr-0.png,0
14548_lr-0.png,0
14549_lr-0.png,1
14550_lr-0.png,0
14551_lr-0.png,0
14552_lr-0.png,1
14553_lr-0.png,1
14554_lr-0.png,0
14555_lr-0.png,0
14556_lr-0.png,0
14557_lr-0.png,0
14558_lr-0.png,1
14559_lr-0.png,1
14560_lr-0.png,1
14561_lr-0.png,0
14562_lr-0.png,1
14563_lr-0.png,0
14564_lr-0.png,1
14565_lr-0.png,1
14566_lr-0.png,0
14567_lr-0.png,0
14568_lr-0.png,1
14569_lr-0.png,0
14570_lr-0.png,1
14571_lr-0.png,1
14572_lr-0.png,1
14573_lr-0.png,0
14574_lr-0.png,0
14575_lr-0.png,1
14576_lr-0.png,0
14577_lr-0.png,1
14578_lr-0.png,0
14579_lr-0.png,1
14580_lr-0.png,1
14581_lr-0.png,1
14582_lr-0.png,0
14583_lr-0.png,1
14584_lr-0.png,0
14585_lr-0.png,0
14586_lr-0.png,0
14587_lr-0.png,1
14588_lr-0.png,1
14589_lr-0.png,0
14590_lr-0.png,0
14591_lr-0.png,1
14592_lr-0.png,1
14593_lr-0.png,0
14594_lr-0.png,1
14595_lr-0.png,1
14596_lr-0.png,0
14597_lr-0.png,1
14598_lr-0.png,0
14599_lr-0.png,0
14600_lr-0.png,1
14601_lr-0.png,0
14602_lr-0.png,0
14603_lr-0.png,0
14604_lr-0.png,0
14605_lr-0.png,1
14606_lr-0.png,1
14607_lr-0.png,1
14608_lr-0.png,0
14609_lr-0.png,0
14610_lr-0.png,0
14611_lr-0.png,1
14612_lr-0.png,1
14613_lr-0.png,1
14614_lr-0.png,1
14615_lr-0.png,0
14616_lr-0.png,0
14617_lr-0.png,1
14618_lr-0.png,0
14619_lr-0.png,0
14620_lr-0.png,1
14621_lr-0.png,0
14622_lr-0.png,1
14623_lr-0.png,1
14624_lr-0.png,0
14625_lr-0.png,0
14626_lr-0.png,1
14627_lr-0.png,0
14628_lr-0.png,0
14629_lr-0.png,0
14630_lr-0.png,1
14631_lr-0.png,0
14632_lr-0.png,1
14633_lr-0.png,1
14634_lr-0.png,1
14635_lr-0.png,1
14636_lr-0.png,1
14637_lr-0.png,1
14638_lr-0.png,0
14639_lr-0.png,0
14640_lr-0.png,0
14641_lr-0.png,0
14642_lr-0.png,1
14643_lr-0.png,0
14644_lr-0.png,0
14645_lr-0.png,1
14646_lr-0.png,0
14647_lr-0.png,0
14648_lr-0.png,0
14649_lr-0.png,0
14650_lr-0.png,0
14651_lr-0.png,0
14652_lr-0.png,1
14653_lr-0.png,0
14654_lr-0.png,1
14655_lr-0.png,0
14656_lr-0.png,1
14657_lr-0.png,1
14658_lr-0.png,0
14659_lr-0.png,0
14660_lr-0.png,1
14661_lr-0.png,0
14662_lr-0.png,1
14663_lr-0.png,1
14664_lr-0.png,1
14665_lr-0.png,0
14666_lr-0.png,0
14667_lr-0.png,0
14668_lr-0.png,1
14669_lr-0.png,1
14670_lr-0.png,0
14671_lr-0.png,0
14672_lr-0.png,0
14673_lr-0.png,1
14674_lr-0.png,0
14675_lr-0.png,0
14676_lr-0.png,1
14677_lr-0.png,0
14678_lr-0.png,0
14679_lr-0.png,1
14680_lr-0.png,0
14681_lr-0.png,1
14682_lr-0.png,1
14683_lr-0.png,1
14684_lr-0.png,1
14685_lr-0.png,0
14686_lr-0.png,1
14687_lr-0.png,1
14688_lr-0.png,0
14689_lr-0.png,1
14690_lr-0.png,1
14691_lr-0.png,1
14692_lr-0.png,1
14693_lr-0.png,0
14694_lr-0.png,1
14695_lr-0.png,0
14696_lr-0.png,1
14697_lr-0.png,1
14698_lr-0.png,1
14699_lr-0.png,0
14700_lr-0.png,0
14701_lr-0.png,0
14702_lr-0.png,0
14703_lr-0.png,0
14704_lr-0.png,1
14705_lr-0.png,1
14706_lr-0.png,0
14707_lr-0.png,0
14708_lr-0.png,0
14709_lr-0.png,0
14710_lr-0.png,1
14711_lr-0.png,1
14712_lr-0.png,1
14713_lr-0.png,0
14714_lr-0.png,1
14715_lr-0.png,1
14716_lr-0.png,0
14717_lr-0.png,0
14718_lr-0.png,0
14719_lr-0.png,0
14720_lr-0.png,0
14721_lr-0.png,0
14722_lr-0.png,1
14723_lr-0.png,1
14724_lr-0.png,1
14725_lr-0.png,0
14726_lr-0.png,0
14727_lr-0.png,0
14728_lr-0.png,1
14729_lr-0.png,0
14730_lr-0.png,0
14731_lr-0.png,0
14732_lr-0.png,1
14733_lr-0.png,0
14734_lr-0.png,0
14735_lr-0.png,0
14736_lr-0.png,1
14737_lr-0.png,0
14738_lr-0.png,1
14739_lr-0.png,0
14740_lr-0.png,1
14741_lr-0.png,0
14742_lr-0.png,0
14743_lr-0.png,0
14744_lr-0.png,0
14745_lr-0.png,0
14746_lr-0.png,1
14747_lr-0.png,1
14748_lr-0.png,0
14749_lr-0.png,1
14750_lr-0.png,1
14751_lr-0.png,0
14752_lr-0.png,0
14753_lr-0.png,0
14754_lr-0.png,0
14755_lr-0.png,1
14756_lr-0.png,1
14757_lr-0.png,1
14758_lr-0.png,0
14759_lr-0.png,0
14760_lr-0.png,0
14761_lr-0.png,1
14762_lr-0.png,0
14763_lr-0.png,0
14764_lr-0.png,0
14765_lr-0.png,0
14766_lr-0.png,0
14767_lr-0.png,0
14768_lr-0.png,0
14769_lr-0.png,1
14770_lr-0.png,0
14771_lr-0.png,1
14772_lr-0.png,0
14773_lr-0.png,0
14774_lr-0.png,0
14775_lr-0.png,1
14776_lr-0.png,1
14777_lr-0.png,0
14778_lr-0.png,1
14779_lr-0.png,0
14780_lr-0.png,0
14781_lr-0.png,0
14782_lr-0.png,1
14783_lr-0.png,0
14784_lr-0.png,1
14785_lr-0.png,0
14786_lr-0.png,0
14787_lr-0.png,0
14788_lr-0.png,0
14789_lr-0.png,1
14790_lr-0.png,1
14791_lr-0.png,1
14792_lr-0.png,0
14793_lr-0.png,0
14794_lr-0.png,1
14795_lr-0.png,1
14796_lr-0.png,1
14797_lr-0.png,0
14798_lr-0.png,0
14799_lr-0.png,0
14800_lr-0.png,1
14801_lr-0.png,0
14802_lr-0.png,0
14803_lr-0.png,0
14804_lr-0.png,0
14805_lr-0.png,0
14806_lr-0.png,0
14807_lr-0.png,0
14808_lr-0.png,0
14809_lr-0.png,1
14810_lr-0.png,1
14811_lr-0.png,1
14812_lr-0.png,0
14813_lr-0.png,1
14814_lr-0.png,1
14815_lr-0.png,0
14816_lr-0.png,1
14817_lr-0.png,1
14818_lr-0.png,1
14819_lr-0.png,0
14820_lr-0.png,1
14821_lr-0.png,1
14822_lr-0.png,0
14823_lr-0.png,0
14824_lr-0.png,0
14825_lr-0.png,0
14826_lr-0.png,1
14827_lr-0.png,1
14828_lr-0.png,1
14829_lr-0.png,0
14830_lr-0.png,0
14831_lr-0.png,1
14832_lr-0.png,1
14833_lr-0.png,0
14834_lr-0.png,0
14835_lr-0.png,1
14836_lr-0.png,0
14837_lr-0.png,0
14838_lr-0.png,1
14839_lr-0.png,0
14840_lr-0.png,1
14841_lr-0.png,1
14842_lr-0.png,0
14843_lr-0.png,0
14844_lr-0.png,0
14845_lr-0.png,0
14846_lr-0.png,1
14847_lr-0.png,0
14848_lr-0.png,0
14849_lr-0.png,0
14850_lr-0.png,0
14851_lr-0.png,1
14852_lr-0.png,0
14853_lr-0.png,0
14854_lr-0.png,0
14855_lr-0.png,1
14856_lr-0.png,1
14857_lr-0.png,0
14858_lr-0.png,0
14859_lr-0.png,0
14860_lr-0.png,1
14861_lr-0.png,1
14862_lr-0.png,0
14863_lr-0.png,0
14864_lr-0.png,1
14865_lr-0.png,0
14866_lr-0.png,1
14867_lr-0.png,0
14868_lr-0.png,0
14869_lr-0.png,0
14870_lr-0.png,0
14871_lr-0.png,1
14872_lr-0.png,0
14873_lr-0.png,1
14874_lr-0.png,1
14875_lr-0.png,0
14876_lr-0.png,0
14877_lr-0.png,1
14878_lr-0.png,1
14879_lr-0.png,0
14880_lr-0.png,1
14881_lr-0.png,0
14882_lr-0.png,0
14883_lr-0.png,0
14884_lr-0.png,0
14885_lr-0.png,1
14886_lr-0.png,0
14887_lr-0.png,0
14888_lr-0.png,0
14889_lr-0.png,0
14890_lr-0.png,0
14891_lr-0.png,0
14892_lr-0.png,1
14893_lr-0.png,1
14894_lr-0.png,0
14895_lr-0.png,1
14896_lr-0.png,0
14897_lr-0.png,0
14898_lr-0.png,0
14899_lr-0.png,0
14900_lr-0.png,0
14901_lr-0.png,1
14902_lr-0.png,1
14903_lr-0.png,1
14904_lr-0.png,0
14905_lr-0.png,0
14906_lr-0.png,0
14907_lr-0.png,1
14908_lr-0.png,0
14909_lr-0.png,1
14910_lr-0.png,0
14911_lr-0.png,1
14912_lr-0.png,0
14913_lr-0.png,0
14914_lr-0.png,0
14915_lr-0.png,0
14916_lr-0.png,1
14917_lr-0.png,0
14918_lr-0.png,1
14919_lr-0.png,1
14920_lr-0.png,1
14921_lr-0.png,1
14922_lr-0.png,0
14923_lr-0.png,1
14924_lr-0.png,0
14925_lr-0.png,0
14926_lr-0.png,0
14927_lr-0.png,0
14928_lr-0.png,0
14929_lr-0.png,0
14930_lr-0.png,1
14931_lr-0.png,1
14932_lr-0.png,0
14933_lr-0.png,0
14934_lr-0.png,1
14935_lr-0.png,1
14936_lr-0.png,0
14937_lr-0.png,0
14938_lr-0.png,1
14939_lr-0.png,1
14940_lr-0.png,1
14941_lr-0.png,0
14942_lr-0.png,0
14943_lr-0.png,0
14944_lr-0.png,1
14945_lr-0.png,1
14946_lr-0.png,1
14947_lr-0.png,0
14948_lr-0.png,0
14949_lr-0.png,0
14950_lr-0.png,0
14951_lr-0.png,1
14952_lr-0.png,0
14953_lr-0.png,0
14954_lr-0.png,1
14955_lr-0.png,0
14956_lr-0.png,0
14957_lr-0.png,1
14958_lr-0.png,0
14959_lr-0.png,0
14960_lr-0.png,0
14961_lr-0.png,0
14962_lr-0.png,0
14963_lr-0.png,0
14964_lr-0.png,0
14965_lr-0.png,0
14966_lr-0.png,0
14967_lr-0.png,0
14968_lr-0.png,1
14969_lr-0.png,0
14970_lr-0.png,0
14971_lr-0.png,1
14972_lr-0.png,1
14973_lr-0.png,0
14974_lr-0.png,1
14975_lr-0.png,0
14976_lr-0.png,1
14977_lr-0.png,0
14978_lr-0.png,0
14979_lr-0.png,1
14980_lr-0.png,0
14981_lr-0.png,1
14982_lr-0.png,0
14983_lr-0.png,0
14984_lr-0.png,0
14985_lr-0.png,1
14986_lr-0.png,0
14987_lr-0.png,1
14988_lr-0.png,0
14989_lr-0.png,0
14990_lr-0.png,0
14991_lr-0.png,0
14992_lr-0.png,0
14993_lr-0.png,0
14994_lr-0.png,0
14995_lr-0.png,0
14996_lr-0.png,1
14997_lr-0.png,0
14998_lr-0.png,1
14999_lr-0.png,0
15000_lr-0.png,0
15001_lr-0.png,1
15002_lr-0.png,0
15003_lr-0.png,0
15004_lr-0.png,1
15005_lr-0.png,1
15006_lr-0.png,1
15007_lr-0.png,1
15008_lr-0.png,1
15009_lr-0.png,1
15010_lr-0.png,0
15011_lr-0.png,1
15012_lr-0.png,1
15013_lr-0.png,0
15014_lr-0.png,1
15015_lr-0.png,1
15016_lr-0.png,1
15017_lr-0.png,1
15018_lr-0.png,0
15019_lr-0.png,0
15020_lr-0.png,0
15021_lr-0.png,1
15022_lr-0.png,0
15023_lr-0.png,0
15024_lr-0.png,0
15025_lr-0.png,1
15026_lr-0.png,0
15027_lr-0.png,0
15028_lr-0.png,0
15029_lr-0.png,0
15030_lr-0.png,1
15031_lr-0.png,0
15032_lr-0.png,0
15033_lr-0.png,0
15034_lr-0.png,0
15035_lr-0.png,1
15036_lr-0.png,0
15037_lr-0.png,1
15038_lr-0.png,1
15039_lr-0.png,0
15040_lr-0.png,0
15041_lr-0.png,1
15042_lr-0.png,0
15043_lr-0.png,1
15044_lr-0.png,0
15045_lr-0.png,0
15046_lr-0.png,0
15047_lr-0.png,0
15048_lr-0.png,0
15049_lr-0.png,1
15050_lr-0.png,1
15051_lr-0.png,0
15052_lr-0.png,1
15053_lr-0.png,0
15054_lr-0.png,1
15055_lr-0.png,1
15056_lr-0.png,1
15057_lr-0.png,1
15058_lr-0.png,1
15059_lr-0.png,0
15060_lr-0.png,0
15061_lr-0.png,0
15062_lr-0.png,0
15063_lr-0.png,0
15064_lr-0.png,0
15065_lr-0.png,1
15066_lr-0.png,0
15067_lr-0.png,0
15068_lr-0.png,0
15069_lr-0.png,0
15070_lr-0.png,0
15071_lr-0.png,0
15072_lr-0.png,0
15073_lr-0.png,0
15074_lr-0.png,1
15075_lr-0.png,0
15076_lr-0.png,0
15077_lr-0.png,1
15078_lr-0.png,1
15079_lr-0.png,0
15080_lr-0.png,0
15081_lr-0.png,0
15082_lr-0.png,0
15083_lr-0.png,1
15084_lr-0.png,0
15085_lr-0.png,0
15086_lr-0.png,0
15087_lr-0.png,1
15088_lr-0.png,1
15089_lr-0.png,0
15090_lr-0.png,1
15091_lr-0.png,0
15092_lr-0.png,0
15093_lr-0.png,0
15094_lr-0.png,1
15095_lr-0.png,1
15096_lr-0.png,0
15097_lr-0.png,1
15098_lr-0.png,0
15099_lr-0.png,1
15100_lr-0.png,0
15101_lr-0.png,0
15102_lr-0.png,1
15103_lr-0.png,0
15104_lr-0.png,0
15105_lr-0.png,1
15106_lr-0.png,0
15107_lr-0.png,0
15108_lr-0.png,0
15109_lr-0.png,0
15110_lr-0.png,1
15111_lr-0.png,1
15112_lr-0.png,0
15113_lr-0.png,0
15114_lr-0.png,1
15115_lr-0.png,0
15116_lr-0.png,1
15117_lr-0.png,1
15118_lr-0.png,1
15119_lr-0.png,0
15120_lr-0.png,0
15121_lr-0.png,1
15122_lr-0.png,0
15123_lr-0.png,0
15124_lr-0.png,1
15125_lr-0.png,0
15126_lr-0.png,1
15127_lr-0.png,0
15128_lr-0.png,0
15129_lr-0.png,0
15130_lr-0.png,0
15131_lr-0.png,0
15132_lr-0.png,0
15133_lr-0.png,0
15134_lr-0.png,0
15135_lr-0.png,0
15136_lr-0.png,1
15137_lr-0.png,1
15138_lr-0.png,1
15139_lr-0.png,0
15140_lr-0.png,1
15141_lr-0.png,0
15142_lr-0.png,1
15143_lr-0.png,0
15144_lr-0.png,1
15145_lr-0.png,1
15146_lr-0.png,1
15147_lr-0.png,1
15148_lr-0.png,0
15149_lr-0.png,0
15150_lr-0.png,0
15151_lr-0.png,1
15152_lr-0.png,0
15153_lr-0.png,1
15154_lr-0.png,0
15155_lr-0.png,1
15156_lr-0.png,0
15157_lr-0.png,0
15158_lr-0.png,1
15159_lr-0.png,0
15160_lr-0.png,1
15161_lr-0.png,0
15162_lr-0.png,1
15163_lr-0.png,0
15164_lr-0.png,0
15165_lr-0.png,1
15166_lr-0.png,0
15167_lr-0.png,0
15168_lr-0.png,0
15169_lr-0.png,0
15170_lr-0.png,0
15171_lr-0.png,1
15172_lr-0.png,1
15173_lr-0.png,1
15174_lr-0.png,0
15175_lr-0.png,1
15176_lr-0.png,0
15177_lr-0.png,0
15178_lr-0.png,0
15179_lr-0.png,0
15180_lr-0.png,0
15181_lr-0.png,0
15182_lr-0.png,0
15183_lr-0.png,0
15184_lr-0.png,0
15185_lr-0.png,0
15186_lr-0.png,1
15187_lr-0.png,0
15188_lr-0.png,0
15189_lr-0.png,0
15190_lr-0.png,0
15191_lr-0.png,0
15192_lr-0.png,1
15193_lr-0.png,0
15194_lr-0.png,0
15195_lr-0.png,0
15196_lr-0.png,1
15197_lr-0.png,0
15198_lr-0.png,0
15199_lr-0.png,0
15200_lr-0.png,0
15201_lr-0.png,1
15202_lr-0.png,1
15203_lr-0.png,0
15204_lr-0.png,0
15205_lr-0.png,0
15206_lr-0.png,1
15207_lr-0.png,0
15208_lr-0.png,1
15209_lr-0.png,0
15210_lr-0.png,1
15211_lr-0.png,1
15212_lr-0.png,0
15213_lr-0.png,0
15214_lr-0.png,1
15215_lr-0.png,0
15216_lr-0.png,1
15217_lr-0.png,0
15218_lr-0.png,0
15219_lr-0.png,0
15220_lr-0.png,0
15221_lr-0.png,1
15222_lr-0.png,1
15223_lr-0.png,1
15224_lr-0.png,0
15225_lr-0.png,0
15226_lr-0.png,0
15227_lr-0.png,0
15228_lr-0.png,0
15229_lr-0.png,0
15230_lr-0.png,0
15231_lr-0.png,0
15232_lr-0.png,0
15233_lr-0.png,0
15234_lr-0.png,0
15235_lr-0.png,0
15236_lr-0.png,1
15237_lr-0.png,0
15238_lr-0.png,1
15239_lr-0.png,0
15240_lr-0.png,0
15241_lr-0.png,0
15242_lr-0.png,0
15243_lr-0.png,0
15244_lr-0.png,0
15245_lr-0.png,1
15246_lr-0.png,0
15247_lr-0.png,1
15248_lr-0.png,1
15249_lr-0.png,0
15250_lr-0.png,1
15251_lr-0.png,0
15252_lr-0.png,0
15253_lr-0.png,0
15254_lr-0.png,0
15255_lr-0.png,0
15256_lr-0.png,0
15257_lr-0.png,0
15258_lr-0.png,1
15259_lr-0.png,0
15260_lr-0.png,0
15261_lr-0.png,0
15262_lr-0.png,0
15263_lr-0.png,0
15264_lr-0.png,1
15265_lr-0.png,0
15266_lr-0.png,0
15267_lr-0.png,1
15268_lr-0.png,0
15269_lr-0.png,1
15270_lr-0.png,1
15271_lr-0.png,0
15272_lr-0.png,0
15273_lr-0.png,1
15274_lr-0.png,0
15275_lr-0.png,0
15276_lr-0.png,0
15277_lr-0.png,0
15278_lr-0.png,1
15279_lr-0.png,0
15280_lr-0.png,1
15281_lr-0.png,0
15282_lr-0.png,1
15283_lr-0.png,0
15284_lr-0.png,0
15285_lr-0.png,0
15286_lr-0.png,0
15287_lr-0.png,1
15288_lr-0.png,0
15289_lr-0.png,0
15290_lr-0.png,1
15291_lr-0.png,1
15292_lr-0.png,1
15293_lr-0.png,1
15294_lr-0.png,0
15295_lr-0.png,1
15296_lr-0.png,0
15297_lr-0.png,0
15298_lr-0.png,0
15299_lr-0.png,0
15300_lr-0.png,0
15301_lr-0.png,0
15302_lr-0.png,1
15303_lr-0.png,1
15304_lr-0.png,0
15305_lr-0.png,0
15306_lr-0.png,1
15307_lr-0.png,0
15308_lr-0.png,0
15309_lr-0.png,0
15310_lr-0.png,0
15311_lr-0.png,0
15312_lr-0.png,0
15313_lr-0.png,0
15314_lr-0.png,0
15315_lr-0.png,1
15316_lr-0.png,0
15317_lr-0.png,0
15318_lr-0.png,0
15319_lr-0.png,0
15320_lr-0.png,1
15321_lr-0.png,1
15322_lr-0.png,1
15323_lr-0.png,0
15324_lr-0.png,0
15325_lr-0.png,0
15326_lr-0.png,0
15327_lr-0.png,0
15328_lr-0.png,1
15329_lr-0.png,0
15330_lr-0.png,0
15331_lr-0.png,0
15332_lr-0.png,0
15333_lr-0.png,0
15334_lr-0.png,0
15335_lr-0.png,0
15336_lr-0.png,0
15337_lr-0.png,0
15338_lr-0.png,0
15339_lr-0.png,1
15340_lr-0.png,0
15341_lr-0.png,0
15342_lr-0.png,1
15343_lr-0.png,1
15344_lr-0.png,1
15345_lr-0.png,1
15346_lr-0.png,1
15347_lr-0.png,0
15348_lr-0.png,0
15349_lr-0.png,1
15350_lr-0.png,0
15351_lr-0.png,1
15352_lr-0.png,1
15353_lr-0.png,1
15354_lr-0.png,0
15355_lr-0.png,1
15356_lr-0.png,0
15357_lr-0.png,0
15358_lr-0.png,1
15359_lr-0.png,1
15360_lr-0.png,1
15361_lr-0.png,1
15362_lr-0.png,0
15363_lr-0.png,1
15364_lr-0.png,0
15365_lr-0.png,0
15366_lr-0.png,1
15367_lr-0.png,0
15368_lr-0.png,0
15369_lr-0.png,1
15370_lr-0.png,0
15371_lr-0.png,1
15372_lr-0.png,1
15373_lr-0.png,1
15374_lr-0.png,1
15375_lr-0.png,0
15376_lr-0.png,0
15377_lr-0.png,1
15378_lr-0.png,0
15379_lr-0.png,1
15380_lr-0.png,1
15381_lr-0.png,1
15382_lr-0.png,1
15383_lr-0.png,0
15384_lr-0.png,0
15385_lr-0.png,0
15386_lr-0.png,1
15387_lr-0.png,0
15388_lr-0.png,0
15389_lr-0.png,0
15390_lr-0.png,0
15391_lr-0.png,1
15392_lr-0.png,0
15393_lr-0.png,0
15394_lr-0.png,0
15395_lr-0.png,0
15396_lr-0.png,1
15397_lr-0.png,1
15398_lr-0.png,0
15399_lr-0.png,0
15400_lr-0.png,0
15401_lr-0.png,1
15402_lr-0.png,1
15403_lr-0.png,1
15404_lr-0.png,1
15405_lr-0.png,0
15406_lr-0.png,1
15407_lr-0.png,1
15408_lr-0.png,1
15409_lr-0.png,1
15410_lr-0.png,0
15411_lr-0.png,1
15412_lr-0.png,1
15413_lr-0.png,1
15414_lr-0.png,1
15415_lr-0.png,1
15416_lr-0.png,1
15417_lr-0.png,0
15418_lr-0.png,0
15419_lr-0.png,0
15420_lr-0.png,0
15421_lr-0.png,0
15422_lr-0.png,0
15423_lr-0.png,1
15424_lr-0.png,0
15425_lr-0.png,0
15426_lr-0.png,0
15427_lr-0.png,0
15428_lr-0.png,1
15429_lr-0.png,0
15430_lr-0.png,0
15431_lr-0.png,0
15432_lr-0.png,1
15433_lr-0.png,1
15434_lr-0.png,0
15435_lr-0.png,1
15436_lr-0.png,0
15437_lr-0.png,1
15438_lr-0.png,0
15439_lr-0.png,0
15440_lr-0.png,1
15441_lr-0.png,1
15442_lr-0.png,1
15443_lr-0.png,1
15444_lr-0.png,0
15445_lr-0.png,1
15446_lr-0.png,1
15447_lr-0.png,0
15448_lr-0.png,1
15449_lr-0.png,1
15450_lr-0.png,0
15451_lr-0.png,1
15452_lr-0.png,0
15453_lr-0.png,1
15454_lr-0.png,0
15455_lr-0.png,1
15456_lr-0.png,1
15457_lr-0.png,0
15458_lr-0.png,0
15459_lr-0.png,0
15460_lr-0.png,0
15461_lr-0.png,1
15462_lr-0.png,0
15463_lr-0.png,0
15464_lr-0.png,0
15465_lr-0.png,1
15466_lr-0.png,0
15467_lr-0.png,0
15468_lr-0.png,0
15469_lr-0.png,1
15470_lr-0.png,0
15471_lr-0.png,0
15472_lr-0.png,0
15473_lr-0.png,0
15474_lr-0.png,1
15475_lr-0.png,0
15476_lr-0.png,0
15477_lr-0.png,1
15478_lr-0.png,0
15479_lr-0.png,0
15480_lr-0.png,1
15481_lr-0.png,1
15482_lr-0.png,1
15483_lr-0.png,1
15484_lr-0.png,1
15485_lr-0.png,0
15486_lr-0.png,0
15487_lr-0.png,1
15488_lr-0.png,1
15489_lr-0.png,1
15490_lr-0.png,0
15491_lr-0.png,1
15492_lr-0.png,0
15493_lr-0.png,0
15494_lr-0.png,0
15495_lr-0.png,0
15496_lr-0.png,0
15497_lr-0.png,0
15498_lr-0.png,0
15499_lr-0.png,0
15500_lr-0.png,0
15501_lr-0.png,0
15502_lr-0.png,0
15503_lr-0.png,0
15504_lr-0.png,1
15505_lr-0.png,1
15506_lr-0.png,1
15507_lr-0.png,1
15508_lr-0.png,0
15509_lr-0.png,0
15510_lr-0.png,1
15511_lr-0.png,0
15512_lr-0.png,0
15513_lr-0.png,0
15514_lr-0.png,0
15515_lr-0.png,0
15516_lr-0.png,0
15517_lr-0.png,0
15518_lr-0.png,0
15519_lr-0.png,0
15520_lr-0.png,0
15521_lr-0.png,0
15522_lr-0.png,1
15523_lr-0.png,0
15524_lr-0.png,1
15525_lr-0.png,1
15526_lr-0.png,0
15527_lr-0.png,0
15528_lr-0.png,1
15529_lr-0.png,0
15530_lr-0.png,0
15531_lr-0.png,1
15532_lr-0.png,0
15533_lr-0.png,0
15534_lr-0.png,1
15535_lr-0.png,0
15536_lr-0.png,1
15537_lr-0.png,0
15538_lr-0.png,1
15539_lr-0.png,0
15540_lr-0.png,1
15541_lr-0.png,1
15542_lr-0.png,0
15543_lr-0.png,1
15544_lr-0.png,0
15545_lr-0.png,1
15546_lr-0.png,1
15547_lr-0.png,1
15548_lr-0.png,1
15549_lr-0.png,0
15550_lr-0.png,1
15551_lr-0.png,0
15552_lr-0.png,1
15553_lr-0.png,1
15554_lr-0.png,1
15555_lr-0.png,0
15556_lr-0.png,1
15557_lr-0.png,0
15558_lr-0.png,0
15559_lr-0.png,0
15560_lr-0.png,1
15561_lr-0.png,1
15562_lr-0.png,1
15563_lr-0.png,0
15564_lr-0.png,0
15565_lr-0.png,0
15566_lr-0.png,1
15567_lr-0.png,0
15568_lr-0.png,0
15569_lr-0.png,0
15570_lr-0.png,0
15571_lr-0.png,0
15572_lr-0.png,0
15573_lr-0.png,0
15574_lr-0.png,0
15575_lr-0.png,1
15576_lr-0.png,0
15577_lr-0.png,0
15578_lr-0.png,0
15579_lr-0.png,0
15580_lr-0.png,0
15581_lr-0.png,0
15582_lr-0.png,0
15583_lr-0.png,0
15584_lr-0.png,1
15585_lr-0.png,0
15586_lr-0.png,0
15587_lr-0.png,1
15588_lr-0.png,1
15589_lr-0.png,0
15590_lr-0.png,1
15591_lr-0.png,1
15592_lr-0.png,1
15593_lr-0.png,0
15594_lr-0.png,0
15595_lr-0.png,0
15596_lr-0.png,1
15597_lr-0.png,0
15598_lr-0.png,0
15599_lr-0.png,0
15600_lr-0.png,1
15601_lr-0.png,0
15602_lr-0.png,0
15603_lr-0.png,0
15604_lr-0.png,0
15605_lr-0.png,0
15606_lr-0.png,1
15607_lr-0.png,0
15608_lr-0.png,0
15609_lr-0.png,1
15610_lr-0.png,1
15611_lr-0.png,0
15612_lr-0.png,1
15613_lr-0.png,1
15614_lr-0.png,0
15615_lr-0.png,1
15616_lr-0.png,0
15617_lr-0.png,0
15618_lr-0.png,0
15619_lr-0.png,0
15620_lr-0.png,0
15621_lr-0.png,0
15622_lr-0.png,1
15623_lr-0.png,0
15624_lr-0.png,1
15625_lr-0.png,0
15626_lr-0.png,0
15627_lr-0.png,0
15628_lr-0.png,0
15629_lr-0.png,0
15630_lr-0.png,1
15631_lr-0.png,0
15632_lr-0.png,1
15633_lr-0.png,0
15634_lr-0.png,1
15635_lr-0.png,1
15636_lr-0.png,0
15637_lr-0.png,1
15638_lr-0.png,1
15639_lr-0.png,0
15640_lr-0.png,0
15641_lr-0.png,0
15642_lr-0.png,1
15643_lr-0.png,1
15644_lr-0.png,0
15645_lr-0.png,0
15646_lr-0.png,0
15647_lr-0.png,0
15648_lr-0.png,0
15649_lr-0.png,0
15650_lr-0.png,1
15651_lr-0.png,1
15652_lr-0.png,1
15653_lr-0.png,1
15654_lr-0.png,1
15655_lr-0.png,1
15656_lr-0.png,0
15657_lr-0.png,0
15658_lr-0.png,1
15659_lr-0.png,0
15660_lr-0.png,1
15661_lr-0.png,0
15662_lr-0.png,1
15663_lr-0.png,1
15664_lr-0.png,0
15665_lr-0.png,1
15666_lr-0.png,0
15667_lr-0.png,1
15668_lr-0.png,1
15669_lr-0.png,0
15670_lr-0.png,0
15671_lr-0.png,1
15672_lr-0.png,0
15673_lr-0.png,1
15674_lr-0.png,1
15675_lr-0.png,0
15676_lr-0.png,0
15677_lr-0.png,1
15678_lr-0.png,1
15679_lr-0.png,1
15680_lr-0.png,1
15681_lr-0.png,0
15682_lr-0.png,1
15683_lr-0.png,0
15684_lr-0.png,1
15685_lr-0.png,1
15686_lr-0.png,0
15687_lr-0.png,0
15688_lr-0.png,0
15689_lr-0.png,1
15690_lr-0.png,0
15691_lr-0.png,0
15692_lr-0.png,0
15693_lr-0.png,1
15694_lr-0.png,0
15695_lr-0.png,0
15696_lr-0.png,0
15697_lr-0.png,1
15698_lr-0.png,1
15699_lr-0.png,1
15700_lr-0.png,1
15701_lr-0.png,0
15702_lr-0.png,1
15703_lr-0.png,0
15704_lr-0.png,1
15705_lr-0.png,0
15706_lr-0.png,1
15707_lr-0.png,0
15708_lr-0.png,1
15709_lr-0.png,1
15710_lr-0.png,0
15711_lr-0.png,0
15712_lr-0.png,0
15713_lr-0.png,0
15714_lr-0.png,1
15715_lr-0.png,1
15716_lr-0.png,1
15717_lr-0.png,1
15718_lr-0.png,0
15719_lr-0.png,1
15720_lr-0.png,0
15721_lr-0.png,0
15722_lr-0.png,0
15723_lr-0.png,1
15724_lr-0.png,1
15725_lr-0.png,1
15726_lr-0.png,0
15727_lr-0.png,0
15728_lr-0.png,0
15729_lr-0.png,0
15730_lr-0.png,0
15731_lr-0.png,0
15732_lr-0.png,1
15733_lr-0.png,1
15734_lr-0.png,0
15735_lr-0.png,1
15736_lr-0.png,1
15737_lr-0.png,1
15738_lr-0.png,0
15739_lr-0.png,0
15740_lr-0.png,0
15741_lr-0.png,0
15743_lr-0.png,1
15744_lr-0.png,0
15745_lr-0.png,1
15746_lr-0.png,0
15747_lr-0.png,1
15748_lr-0.png,0
15749_lr-0.png,0
15750_lr-0.png,1
15751_lr-0.png,1
15752_lr-0.png,0
15753_lr-0.png,1
15754_lr-0.png,0
15755_lr-0.png,0
15756_lr-0.png,0
15757_lr-0.png,0
15758_lr-0.png,1
15759_lr-0.png,0
15760_lr-0.png,0
15761_lr-0.png,1
15762_lr-0.png,1
15763_lr-0.png,0
15764_lr-0.png,0
15765_lr-0.png,1
15766_lr-0.png,0
15767_lr-0.png,1
15768_lr-0.png,0
15769_lr-0.png,1
15770_lr-0.png,1
15771_lr-0.png,0
15772_lr-0.png,1
15773_lr-0.png,1
15774_lr-0.png,1
15775_lr-0.png,1
15776_lr-0.png,1
15777_lr-0.png,1
15778_lr-0.png,1
15779_lr-0.png,0
15780_lr-0.png,0
15781_lr-0.png,0
15782_lr-0.png,1
15783_lr-0.png,0
15784_lr-0.png,1
15785_lr-0.png,1
15786_lr-0.png,1
15787_lr-0.png,0
15788_lr-0.png,0
15789_lr-0.png,1
15790_lr-0.png,0
15791_lr-0.png,0
15792_lr-0.png,0
15793_lr-0.png,0
15794_lr-0.png,1
15795_lr-0.png,0
15796_lr-0.png,1
15797_lr-0.png,0
15798_lr-0.png,0
15799_lr-0.png,0
15800_lr-0.png,0
15801_lr-0.png,1
15802_lr-0.png,1
15803_lr-0.png,1
15804_lr-0.png,0
15805_lr-0.png,0
15806_lr-0.png,0
15807_lr-0.png,0
15808_lr-0.png,0
15809_lr-0.png,0
15810_lr-0.png,0
15811_lr-0.png,0
15812_lr-0.png,0
15813_lr-0.png,1
15814_lr-0.png,0
15815_lr-0.png,1
15816_lr-0.png,0
15817_lr-0.png,0
15818_lr-0.png,0
15819_lr-0.png,1
15820_lr-0.png,1
15821_lr-0.png,1
15822_lr-0.png,0
15823_lr-0.png,1
15824_lr-0.png,0
15825_lr-0.png,0
15826_lr-0.png,0
15827_lr-0.png,0
15828_lr-0.png,1
15829_lr-0.png,0
15830_lr-0.png,1
15831_lr-0.png,0
15832_lr-0.png,0
15833_lr-0.png,0
15834_lr-0.png,0
15835_lr-0.png,0
15836_lr-0.png,0
15837_lr-0.png,0
15838_lr-0.png,0
15839_lr-0.png,1
15840_lr-0.png,0
15841_lr-0.png,0
15842_lr-0.png,1
15843_lr-0.png,0
15844_lr-0.png,0
15845_lr-0.png,0
15846_lr-0.png,0
15847_lr-0.png,1
15848_lr-0.png,0
15849_lr-0.png,0
15850_lr-0.png,1
15851_lr-0.png,0
15852_lr-0.png,0
15853_lr-0.png,0
15854_lr-0.png,1
15855_lr-0.png,0
15856_lr-0.png,0
15857_lr-0.png,0
15858_lr-0.png,0
15859_lr-0.png,0
15860_lr-0.png,0
15861_lr-0.png,0
15862_lr-0.png,0
15863_lr-0.png,0
15864_lr-0.png,0
15865_lr-0.png,0
15866_lr-0.png,0
15867_lr-0.png,0
15868_lr-0.png,1
15869_lr-0.png,0
15870_lr-0.png,0
15871_lr-0.png,0
15872_lr-0.png,1
15873_lr-0.png,0
15874_lr-0.png,0
15875_lr-0.png,1
15876_lr-0.png,1
15877_lr-0.png,0
15878_lr-0.png,0
15879_lr-0.png,0
15880_lr-0.png,0
15881_lr-0.png,0
15882_lr-0.png,0
15883_lr-0.png,1
15884_lr-0.png,1
15885_lr-0.png,1
15886_lr-0.png,0
15887_lr-0.png,1
15888_lr-0.png,0
15889_lr-0.png,0
15890_lr-0.png,0
15891_lr-0.png,1
15892_lr-0.png,0
15893_lr-0.png,0
15894_lr-0.png,1
15895_lr-0.png,1
15896_lr-0.png,1
15897_lr-0.png,1
15898_lr-0.png,1
15899_lr-0.png,0
15900_lr-0.png,1
15901_lr-0.png,1
15902_lr-0.png,0
15903_lr-0.png,0
15904_lr-0.png,0
15905_lr-0.png,0
15906_lr-0.png,0
15907_lr-0.png,0
15908_lr-0.png,1
15909_lr-0.png,1
15910_lr-0.png,1
15911_lr-0.png,0
15912_lr-0.png,0
15913_lr-0.png,1
15914_lr-0.png,1
15915_lr-0.png,1
15916_lr-0.png,0
15917_lr-0.png,0
15918_lr-0.png,0
15919_lr-0.png,1
15920_lr-0.png,1
15921_lr-0.png,1
15922_lr-0.png,1
15923_lr-0.png,1
15924_lr-0.png,0
15925_lr-0.png,0
15926_lr-0.png,0
15927_lr-0.png,0
15928_lr-0.png,1
15929_lr-0.png,1
15930_lr-0.png,1
15931_lr-0.png,0
15932_lr-0.png,1
15933_lr-0.png,1
15934_lr-0.png,1
15935_lr-0.png,1
15936_lr-0.png,1
15937_lr-0.png,0
15938_lr-0.png,1
15939_lr-0.png,1
15940_lr-0.png,1
15941_lr-0.png,0
15942_lr-0.png,1
15943_lr-0.png,1
15944_lr-0.png,0
15945_lr-0.png,0
15946_lr-0.png,1
15947_lr-0.png,1
15948_lr-0.png,1
15949_lr-0.png,1
15950_lr-0.png,0
15951_lr-0.png,0
15952_lr-0.png,1
15953_lr-0.png,0
15954_lr-0.png,0
15955_lr-0.png,1
15956_lr-0.png,0
15957_lr-0.png,1
15958_lr-0.png,0
15959_lr-0.png,1
15960_lr-0.png,0
15961_lr-0.png,0
15962_lr-0.png,0
15963_lr-0.png,1
15964_lr-0.png,0
15965_lr-0.png,1
15966_lr-0.png,0
15967_lr-0.png,1
15968_lr-0.png,0
15969_lr-0.png,1
15970_lr-0.png,0
15971_lr-0.png,0
15972_lr-0.png,1
15973_lr-0.png,0
15974_lr-0.png,1
15975_lr-0.png,0
15976_lr-0.png,0
15977_lr-0.png,0
15978_lr-0.png,1
15979_lr-0.png,0
15980_lr-0.png,0
15981_lr-0.png,1
15982_lr-0.png,0
15983_lr-0.png,0
15984_lr-0.png,1
15985_lr-0.png,0
15986_lr-0.png,1
15987_lr-0.png,1
15988_lr-0.png,1
15989_lr-0.png,0
15990_lr-0.png,0
15991_lr-0.png,1
15992_lr-0.png,1
15993_lr-0.png,0
15994_lr-0.png,1
15995_lr-0.png,0
15996_lr-0.png,0
15997_lr-0.png,0
15998_lr-0.png,1
15999_lr-0.png,0
16000_lr-0.png,1
16001_lr-0.png,0
16002_lr-0.png,1
16003_lr-0.png,1
16004_lr-0.png,1
16005_lr-0.png,1
16006_lr-0.png,0
16007_lr-0.png,0
16008_lr-0.png,0
16009_lr-0.png,1
16010_lr-0.png,0
16011_lr-0.png,0
16012_lr-0.png,0
16013_lr-0.png,1
16014_lr-0.png,1
16015_lr-0.png,0
16016_lr-0.png,1
16017_lr-0.png,1
16018_lr-0.png,0
16019_lr-0.png,0
16020_lr-0.png,0
16021_lr-0.png,1
16022_lr-0.png,0
16023_lr-0.png,1
16024_lr-0.png,1
16025_lr-0.png,1
16026_lr-0.png,1
16027_lr-0.png,0
16028_lr-0.png,1
16029_lr-0.png,1
16030_lr-0.png,0
16031_lr-0.png,0
16032_lr-0.png,1
16033_lr-0.png,1
16034_lr-0.png,1
16035_lr-0.png,1
16036_lr-0.png,1
16037_lr-0.png,1
16038_lr-0.png,0
16039_lr-0.png,0
16040_lr-0.png,1
16041_lr-0.png,1
16042_lr-0.png,1
16043_lr-0.png,1
16044_lr-0.png,0
16045_lr-0.png,0
16046_lr-0.png,0
16047_lr-0.png,0
16048_lr-0.png,0
16049_lr-0.png,0
16050_lr-0.png,0
16051_lr-0.png,0
16052_lr-0.png,0
16053_lr-0.png,0
16054_lr-0.png,1
16055_lr-0.png,1
16056_lr-0.png,0
16057_lr-0.png,1
16058_lr-0.png,1
16059_lr-0.png,1
16060_lr-0.png,1
16061_lr-0.png,0
16062_lr-0.png,1
16063_lr-0.png,0
16064_lr-0.png,0
16065_lr-0.png,1
16066_lr-0.png,0
16067_lr-0.png,1
16068_lr-0.png,1
16069_lr-0.png,0
16070_lr-0.png,1
16071_lr-0.png,1
16072_lr-0.png,1
16073_lr-0.png,1
16074_lr-0.png,0
16075_lr-0.png,0
16076_lr-0.png,0
16077_lr-0.png,0
16078_lr-0.png,1
16079_lr-0.png,1
16080_lr-0.png,0
16081_lr-0.png,0
16082_lr-0.png,0
16083_lr-0.png,1
16084_lr-0.png,1
16085_lr-0.png,0
16086_lr-0.png,1
16087_lr-0.png,1
16088_lr-0.png,0
16089_lr-0.png,1
16090_lr-0.png,0
16091_lr-0.png,1
16092_lr-0.png,1
16093_lr-0.png,1
16094_lr-0.png,0
16095_lr-0.png,0
16096_lr-0.png,0
16097_lr-0.png,1
16098_lr-0.png,1
16099_lr-0.png,0
16100_lr-0.png,0
16101_lr-0.png,0
16102_lr-0.png,1
16103_lr-0.png,0
16104_lr-0.png,1
16105_lr-0.png,0
16106_lr-0.png,0
16107_lr-0.png,0
16108_lr-0.png,1
16109_lr-0.png,1
16110_lr-0.png,1
16111_lr-0.png,0
16112_lr-0.png,1
16113_lr-0.png,1
16114_lr-0.png,0
16115_lr-0.png,0
16116_lr-0.png,0
16117_lr-0.png,0
16118_lr-0.png,0
16119_lr-0.png,0
16120_lr-0.png,0
16121_lr-0.png,0
16122_lr-0.png,1
16123_lr-0.png,0
16124_lr-0.png,1
16125_lr-0.png,0
16126_lr-0.png,0
16127_lr-0.png,0
16128_lr-0.png,0
16129_lr-0.png,1
16130_lr-0.png,0
16131_lr-0.png,1
16132_lr-0.png,0
16133_lr-0.png,0
16134_lr-0.png,0
16135_lr-0.png,0
16136_lr-0.png,0
16137_lr-0.png,0
16138_lr-0.png,0
16139_lr-0.png,0
16140_lr-0.png,0
16141_lr-0.png,0
16142_lr-0.png,1
16143_lr-0.png,0
16144_lr-0.png,1
16145_lr-0.png,1
16146_lr-0.png,1
16147_lr-0.png,1
16148_lr-0.png,0
16149_lr-0.png,1
16150_lr-0.png,1
16151_lr-0.png,0
16152_lr-0.png,0
16153_lr-0.png,0
16154_lr-0.png,1
16155_lr-0.png,1
16156_lr-0.png,1
16157_lr-0.png,1
16158_lr-0.png,0
16159_lr-0.png,1
16160_lr-0.png,0
16161_lr-0.png,0
16162_lr-0.png,0
16163_lr-0.png,0
16164_lr-0.png,0
16165_lr-0.png,0
16166_lr-0.png,1
16167_lr-0.png,1
16168_lr-0.png,0
16169_lr-0.png,1
16170_lr-0.png,1
16171_lr-0.png,0
16172_lr-0.png,0
16173_lr-0.png,0
16174_lr-0.png,1
16175_lr-0.png,0
16176_lr-0.png,0
16177_lr-0.png,0
16178_lr-0.png,1
16179_lr-0.png,0
16180_lr-0.png,0
16181_lr-0.png,1
16182_lr-0.png,0
16183_lr-0.png,1
16184_lr-0.png,0
16185_lr-0.png,0
16186_lr-0.png,1
16187_lr-0.png,1
16188_lr-0.png,1
16189_lr-0.png,0
16190_lr-0.png,0
16191_lr-0.png,1
16192_lr-0.png,1
16193_lr-0.png,1
16194_lr-0.png,1
16195_lr-0.png,0
16196_lr-0.png,0
16197_lr-0.png,0
16198_lr-0.png,1
16199_lr-0.png,1
16200_lr-0.png,0
16201_lr-0.png,0
16202_lr-0.png,0
16203_lr-0.png,1
16204_lr-0.png,1
16205_lr-0.png,1
16206_lr-0.png,0
16207_lr-0.png,0
16208_lr-0.png,1
16209_lr-0.png,0
16210_lr-0.png,0
16211_lr-0.png,1
16212_lr-0.png,0
16213_lr-0.png,1
16214_lr-0.png,0
16215_lr-0.png,1
16216_lr-0.png,0
16217_lr-0.png,1
16218_lr-0.png,1
16219_lr-0.png,0
16220_lr-0.png,1
16221_lr-0.png,1
16222_lr-0.png,1
16223_lr-0.png,1
16224_lr-0.png,0
16225_lr-0.png,0
16226_lr-0.png,0
16227_lr-0.png,0
16228_lr-0.png,1
16229_lr-0.png,0
16230_lr-0.png,0
16231_lr-0.png,1
16232_lr-0.png,1
16233_lr-0.png,1
16234_lr-0.png,0
16235_lr-0.png,0
16236_lr-0.png,0
16237_lr-0.png,1
16238_lr-0.png,1
16239_lr-0.png,0
16240_lr-0.png,1
16241_lr-0.png,1
16242_lr-0.png,1
16243_lr-0.png,0
16244_lr-0.png,0
16245_lr-0.png,0
16246_lr-0.png,0
16247_lr-0.png,0
16248_lr-0.png,1
16249_lr-0.png,0
16250_lr-0.png,1
16251_lr-0.png,0
16252_lr-0.png,0
16253_lr-0.png,1
16254_lr-0.png,1
16255_lr-0.png,1
16256_lr-0.png,0
16257_lr-0.png,1
16258_lr-0.png,0
16259_lr-0.png,0
16260_lr-0.png,0
16261_lr-0.png,1
16262_lr-0.png,0
16263_lr-0.png,0
16264_lr-0.png,1
16265_lr-0.png,1
16266_lr-0.png,0
16267_lr-0.png,1
16268_lr-0.png,0
16269_lr-0.png,1
16270_lr-0.png,1
16271_lr-0.png,0
16272_lr-0.png,0
16273_lr-0.png,0
16274_lr-0.png,0
16275_lr-0.png,0
16276_lr-0.png,1
16277_lr-0.png,0
16278_lr-0.png,0
16279_lr-0.png,0
16280_lr-0.png,0
16281_lr-0.png,0
16282_lr-0.png,0
16283_lr-0.png,1
16284_lr-0.png,0
16285_lr-0.png,0
16286_lr-0.png,0
16287_lr-0.png,1
16288_lr-0.png,1
16289_lr-0.png,1
16290_lr-0.png,1
16291_lr-0.png,0
16292_lr-0.png,0
16293_lr-0.png,1
16294_lr-0.png,0
16295_lr-0.png,0
16296_lr-0.png,1
16297_lr-0.png,0
16298_lr-0.png,1
16299_lr-0.png,1
16300_lr-0.png,0
16301_lr-0.png,0
16302_lr-0.png,0
16303_lr-0.png,0
16304_lr-0.png,1
16305_lr-0.png,1
16306_lr-0.png,0
16307_lr-0.png,1
16308_lr-0.png,1
16309_lr-0.png,1
16310_lr-0.png,1
16311_lr-0.png,0
16312_lr-0.png,0
16313_lr-0.png,0
16314_lr-0.png,1
16315_lr-0.png,0
16316_lr-0.png,1
16317_lr-0.png,1
16318_lr-0.png,1
16319_lr-0.png,1
16320_lr-0.png,1
16321_lr-0.png,1
16322_lr-0.png,0
16323_lr-0.png,1
16324_lr-0.png,0
16325_lr-0.png,1
16326_lr-0.png,0
16327_lr-0.png,0
16328_lr-0.png,1
16329_lr-0.png,1
16330_lr-0.png,0
16331_lr-0.png,1
16332_lr-0.png,0
16333_lr-0.png,1
16334_lr-0.png,1
16335_lr-0.png,1
16336_lr-0.png,1
16337_lr-0.png,0
16338_lr-0.png,1
16339_lr-0.png,1
16340_lr-0.png,0
16341_lr-0.png,1
16342_lr-0.png,0
16343_lr-0.png,0
16344_lr-0.png,0
16345_lr-0.png,0
16346_lr-0.png,0
16347_lr-0.png,0
16348_lr-0.png,1
16349_lr-0.png,0
16350_lr-0.png,0
16351_lr-0.png,0
16352_lr-0.png,0
16353_lr-0.png,0
16354_lr-0.png,1
16355_lr-0.png,1
16356_lr-0.png,1
16357_lr-0.png,0
16358_lr-0.png,1
16359_lr-0.png,0
16360_lr-0.png,1
16361_lr-0.png,0
16362_lr-0.png,1
16363_lr-0.png,1
16364_lr-0.png,1
16365_lr-0.png,1
16366_lr-0.png,0
16367_lr-0.png,0
16368_lr-0.png,1
16369_lr-0.png,0
16370_lr-0.png,1
16371_lr-0.png,1
16372_lr-0.png,0
16373_lr-0.png,0
16374_lr-0.png,0
16375_lr-0.png,0
16376_lr-0.png,0
16377_lr-0.png,0
16378_lr-0.png,0
16379_lr-0.png,0
16380_lr-0.png,1
16381_lr-0.png,0
16382_lr-0.png,0
16383_lr-0.png,0
16384_lr-0.png,0
16385_lr-0.png,1
16386_lr-0.png,1
16387_lr-0.png,1
16388_lr-0.png,1
16389_lr-0.png,0
16390_lr-0.png,0
16391_lr-0.png,1
16392_lr-0.png,1
16393_lr-0.png,1
16394_lr-0.png,1
16395_lr-0.png,1
16396_lr-0.png,0
16397_lr-0.png,1
16398_lr-0.png,1
16399_lr-0.png,1
16400_lr-0.png,0
16401_lr-0.png,0
16402_lr-0.png,0
16403_lr-0.png,0
16404_lr-0.png,0
16405_lr-0.png,0
16406_lr-0.png,0
16407_lr-0.png,1
16408_lr-0.png,0
16409_lr-0.png,0
16410_lr-0.png,0
16411_lr-0.png,1
16412_lr-0.png,1
16413_lr-0.png,0
16414_lr-0.png,0
16415_lr-0.png,1
16416_lr-0.png,1
16417_lr-0.png,0
16418_lr-0.png,0
16419_lr-0.png,1
16420_lr-0.png,0
16421_lr-0.png,1
16422_lr-0.png,1
16423_lr-0.png,0
16424_lr-0.png,0
16425_lr-0.png,1
16426_lr-0.png,0
16427_lr-0.png,0
16428_lr-0.png,0
16429_lr-0.png,1
16430_lr-0.png,0
16431_lr-0.png,0
16432_lr-0.png,0
16433_lr-0.png,1
16434_lr-0.png,1
16435_lr-0.png,1
16436_lr-0.png,0
16437_lr-0.png,1
16438_lr-0.png,1
16439_lr-0.png,1
16440_lr-0.png,0
16441_lr-0.png,0
16442_lr-0.png,1
16443_lr-0.png,1
16444_lr-0.png,0
16445_lr-0.png,0
16446_lr-0.png,0
16447_lr-0.png,0
16448_lr-0.png,0
16449_lr-0.png,0
16450_lr-0.png,0
16451_lr-0.png,0
16452_lr-0.png,0
16453_lr-0.png,1
16454_lr-0.png,1
16455_lr-0.png,0
16456_lr-0.png,0
16457_lr-0.png,0
16458_lr-0.png,1
16459_lr-0.png,1
16460_lr-0.png,1
16461_lr-0.png,1
16462_lr-0.png,0
16463_lr-0.png,0
16464_lr-0.png,0
16465_lr-0.png,0
16466_lr-0.png,1
16467_lr-0.png,0
16468_lr-0.png,1
16469_lr-0.png,1
16470_lr-0.png,0
16471_lr-0.png,1
16472_lr-0.png,0
16473_lr-0.png,0
16474_lr-0.png,0
16475_lr-0.png,0
16476_lr-0.png,1
16477_lr-0.png,0
16478_lr-0.png,0
16479_lr-0.png,1
16480_lr-0.png,0
16481_lr-0.png,0
16482_lr-0.png,1
16483_lr-0.png,1
16484_lr-0.png,1
16485_lr-0.png,1
16486_lr-0.png,0
16487_lr-0.png,0
16488_lr-0.png,0
16489_lr-0.png,0
16490_lr-0.png,0
16491_lr-0.png,1
16492_lr-0.png,1
16493_lr-0.png,0
16494_lr-0.png,1
16495_lr-0.png,0
16496_lr-0.png,0
16497_lr-0.png,0
16498_lr-0.png,1
16499_lr-0.png,1
16500_lr-0.png,0
16501_lr-0.png,0
16502_lr-0.png,0
16503_lr-0.png,0
16504_lr-0.png,0
16505_lr-0.png,1
16506_lr-0.png,0
16507_lr-0.png,1
16508_lr-0.png,0
16509_lr-0.png,0
16510_lr-0.png,0
16511_lr-0.png,0
16512_lr-0.png,0
16513_lr-0.png,0
16514_lr-0.png,1
16515_lr-0.png,1
16516_lr-0.png,1
16517_lr-0.png,0
16518_lr-0.png,0
16519_lr-0.png,1
16520_lr-0.png,0
16521_lr-0.png,0
16522_lr-0.png,0
16523_lr-0.png,0
16524_lr-0.png,1
16525_lr-0.png,0
16526_lr-0.png,0
16527_lr-0.png,0
16528_lr-0.png,1
16529_lr-0.png,0
16530_lr-0.png,0
16531_lr-0.png,0
16532_lr-0.png,0
16533_lr-0.png,1
16534_lr-0.png,1
16535_lr-0.png,0
16536_lr-0.png,0
16537_lr-0.png,1
16538_lr-0.png,0
16539_lr-0.png,1
16540_lr-0.png,1
16541_lr-0.png,1
16542_lr-0.png,1
16543_lr-0.png,0
16544_lr-0.png,0
16545_lr-0.png,1
16546_lr-0.png,0
16547_lr-0.png,1
16548_lr-0.png,0
16549_lr-0.png,0
16550_lr-0.png,1
16551_lr-0.png,1
16552_lr-0.png,0
16553_lr-0.png,0
16554_lr-0.png,0
16555_lr-0.png,0
16556_lr-0.png,1
16557_lr-0.png,1
16558_lr-0.png,1
16559_lr-0.png,0
16560_lr-0.png,0
16561_lr-0.png,0
16562_lr-0.png,1
16563_lr-0.png,1
16564_lr-0.png,0
16565_lr-0.png,0
16566_lr-0.png,0
16567_lr-0.png,0
16568_lr-0.png,0
16569_lr-0.png,1
16570_lr-0.png,0
16571_lr-0.png,0
16572_lr-0.png,1
16573_lr-0.png,0
16574_lr-0.png,1
16575_lr-0.png,0
16576_lr-0.png,1
16577_lr-0.png,1
16578_lr-0.png,0
16579_lr-0.png,1
16580_lr-0.png,0
16581_lr-0.png,0
16582_lr-0.png,0
16583_lr-0.png,0
16584_lr-0.png,1
16585_lr-0.png,1
16586_lr-0.png,0
16587_lr-0.png,1
16588_lr-0.png,1
16589_lr-0.png,1
16590_lr-0.png,1
16591_lr-0.png,0
16592_lr-0.png,0
16593_lr-0.png,0
16594_lr-0.png,1
16595_lr-0.png,0
16596_lr-0.png,1
16597_lr-0.png,1
16598_lr-0.png,0
16599_lr-0.png,1
16600_lr-0.png,0
16601_lr-0.png,1
16602_lr-0.png,0
16603_lr-0.png,1
16604_lr-0.png,0
16605_lr-0.png,0
16606_lr-0.png,0
16607_lr-0.png,1
16608_lr-0.png,0
16609_lr-0.png,0
16610_lr-0.png,0
16611_lr-0.png,0
16612_lr-0.png,1
16613_lr-0.png,1
16614_lr-0.png,1
16615_lr-0.png,0
16616_lr-0.png,0
16617_lr-0.png,0
16618_lr-0.png,1
16619_lr-0.png,0
16620_lr-0.png,0
16621_lr-0.png,0
16622_lr-0.png,0
16623_lr-0.png,1
16624_lr-0.png,1
16625_lr-0.png,1
16626_lr-0.png,0
16627_lr-0.png,1
16628_lr-0.png,1
16629_lr-0.png,1
16630_lr-0.png,1
16631_lr-0.png,0
16632_lr-0.png,0
16633_lr-0.png,1
16634_lr-0.png,0
16635_lr-0.png,1
16636_lr-0.png,0
16637_lr-0.png,1
16638_lr-0.png,0
16639_lr-0.png,0
16640_lr-0.png,0
16641_lr-0.png,0
16642_lr-0.png,0
16643_lr-0.png,1
16644_lr-0.png,1
16645_lr-0.png,0
16646_lr-0.png,0
16647_lr-0.png,1
16648_lr-0.png,1
16649_lr-0.png,0
16650_lr-0.png,1
16651_lr-0.png,1
16652_lr-0.png,1
16653_lr-0.png,0
16654_lr-0.png,1
16655_lr-0.png,1
16656_lr-0.png,0
16657_lr-0.png,0
16658_lr-0.png,0
16659_lr-0.png,1
16660_lr-0.png,1
16661_lr-0.png,0
16662_lr-0.png,0
16663_lr-0.png,1
16664_lr-0.png,0
16665_lr-0.png,0
16666_lr-0.png,0
16667_lr-0.png,1
16668_lr-0.png,0
16669_lr-0.png,0
16670_lr-0.png,1
16671_lr-0.png,0
16672_lr-0.png,1
16673_lr-0.png,1
16674_lr-0.png,0
16675_lr-0.png,0
16676_lr-0.png,1
16677_lr-0.png,1
16678_lr-0.png,0
16679_lr-0.png,0
16680_lr-0.png,0
16681_lr-0.png,0
16682_lr-0.png,0
16683_lr-0.png,1
16684_lr-0.png,0
16685_lr-0.png,1
16686_lr-0.png,0
16687_lr-0.png,0
16688_lr-0.png,1
16689_lr-0.png,0
16690_lr-0.png,1
16691_lr-0.png,1
16692_lr-0.png,0
16693_lr-0.png,0
16694_lr-0.png,0
16695_lr-0.png,1
16696_lr-0.png,1
16697_lr-0.png,0
16698_lr-0.png,0
16699_lr-0.png,0
16700_lr-0.png,0
16701_lr-0.png,1
16702_lr-0.png,0
16703_lr-0.png,0
16704_lr-0.png,0
16705_lr-0.png,1
16706_lr-0.png,0
16707_lr-0.png,0
16708_lr-0.png,1
16709_lr-0.png,0
16710_lr-0.png,1
16711_lr-0.png,0
16712_lr-0.png,0
16713_lr-0.png,1
16714_lr-0.png,0
16715_lr-0.png,0
16716_lr-0.png,1
16717_lr-0.png,0
16718_lr-0.png,0
16719_lr-0.png,0
16720_lr-0.png,1
16721_lr-0.png,1
16722_lr-0.png,1
16723_lr-0.png,0
16724_lr-0.png,0
16725_lr-0.png,0
16726_lr-0.png,0
16727_lr-0.png,1
16728_lr-0.png,0
16729_lr-0.png,0
16730_lr-0.png,0
16731_lr-0.png,0
16732_lr-0.png,0
16733_lr-0.png,0
16734_lr-0.png,1
16735_lr-0.png,0
16736_lr-0.png,0
16737_lr-0.png,1
16738_lr-0.png,0
16739_lr-0.png,0
16740_lr-0.png,0
16741_lr-0.png,1
16742_lr-0.png,1
16743_lr-0.png,0
16744_lr-0.png,0
16745_lr-0.png,0
16746_lr-0.png,0
16747_lr-0.png,1
16748_lr-0.png,0
16749_lr-0.png,0
16750_lr-0.png,0
16751_lr-0.png,0
16752_lr-0.png,1
16753_lr-0.png,0
16754_lr-0.png,0
16755_lr-0.png,1
16756_lr-0.png,0
16757_lr-0.png,0
16758_lr-0.png,0
16759_lr-0.png,1
16760_lr-0.png,0
16761_lr-0.png,0
16762_lr-0.png,0
16763_lr-0.png,1
16764_lr-0.png,1
16765_lr-0.png,1
16766_lr-0.png,0
16767_lr-0.png,0
16768_lr-0.png,1
16769_lr-0.png,1
16770_lr-0.png,0
16771_lr-0.png,0
16772_lr-0.png,0
16773_lr-0.png,0
16774_lr-0.png,0
16775_lr-0.png,0
16776_lr-0.png,0
16777_lr-0.png,1
16778_lr-0.png,0
16779_lr-0.png,0
16780_lr-0.png,1
16781_lr-0.png,0
16782_lr-0.png,0
16783_lr-0.png,0
16784_lr-0.png,1
16785_lr-0.png,0
16786_lr-0.png,1
16787_lr-0.png,1
16788_lr-0.png,1
16789_lr-0.png,0
16790_lr-0.png,0
16791_lr-0.png,0
16792_lr-0.png,1
16793_lr-0.png,0
16794_lr-0.png,0
16795_lr-0.png,0
16796_lr-0.png,0
16797_lr-0.png,0
16798_lr-0.png,0
16799_lr-0.png,0
16800_lr-0.png,0
16801_lr-0.png,1
16802_lr-0.png,1
16803_lr-0.png,1
16804_lr-0.png,1
16805_lr-0.png,1
16806_lr-0.png,1
16807_lr-0.png,0
16808_lr-0.png,0
16809_lr-0.png,1
16810_lr-0.png,1
16811_lr-0.png,0
16812_lr-0.png,0
16813_lr-0.png,0
16814_lr-0.png,0
16815_lr-0.png,1
16816_lr-0.png,0
16817_lr-0.png,1
16818_lr-0.png,0
16819_lr-0.png,1
16820_lr-0.png,0
16821_lr-0.png,1
16822_lr-0.png,1
16823_lr-0.png,0
16824_lr-0.png,0
16825_lr-0.png,0
16826_lr-0.png,0
16827_lr-0.png,0
16828_lr-0.png,0
16829_lr-0.png,0
16830_lr-0.png,0
16831_lr-0.png,0
16832_lr-0.png,0
16833_lr-0.png,0
16834_lr-0.png,0
16835_lr-0.png,0
16836_lr-0.png,1
16837_lr-0.png,1
16838_lr-0.png,0
16839_lr-0.png,0
16840_lr-0.png,1
16841_lr-0.png,1
16842_lr-0.png,1
16843_lr-0.png,0
16844_lr-0.png,1
16845_lr-0.png,0
16846_lr-0.png,0
16847_lr-0.png,0
16848_lr-0.png,1
16849_lr-0.png,1
16850_lr-0.png,1
16851_lr-0.png,0
16852_lr-0.png,0
16853_lr-0.png,0
16854_lr-0.png,0
16855_lr-0.png,0
16856_lr-0.png,1
16857_lr-0.png,1
16858_lr-0.png,0
16859_lr-0.png,0
16860_lr-0.png,1
16861_lr-0.png,0
16862_lr-0.png,1
16863_lr-0.png,0
16864_lr-0.png,1
16865_lr-0.png,1
16866_lr-0.png,1
16867_lr-0.png,0
16868_lr-0.png,0
16869_lr-0.png,1
16870_lr-0.png,1
16871_lr-0.png,0
16872_lr-0.png,1
16873_lr-0.png,0
16874_lr-0.png,0
16875_lr-0.png,0
16876_lr-0.png,0
16877_lr-0.png,0
16878_lr-0.png,1
16879_lr-0.png,0
16880_lr-0.png,0
16881_lr-0.png,0
16882_lr-0.png,0
16883_lr-0.png,0
16884_lr-0.png,0
16885_lr-0.png,1
16886_lr-0.png,0
16887_lr-0.png,0
16888_lr-0.png,1
16889_lr-0.png,0
16890_lr-0.png,0
16891_lr-0.png,0
16892_lr-0.png,1
16893_lr-0.png,0
16894_lr-0.png,1
16895_lr-0.png,0
16896_lr-0.png,1
16897_lr-0.png,1
16898_lr-0.png,0
16899_lr-0.png,0
16900_lr-0.png,0
16901_lr-0.png,0
16902_lr-0.png,1
16903_lr-0.png,1
16904_lr-0.png,0
16905_lr-0.png,0
16906_lr-0.png,0
16907_lr-0.png,0
16908_lr-0.png,0
16909_lr-0.png,0
16910_lr-0.png,0
16911_lr-0.png,1
16912_lr-0.png,0
16913_lr-0.png,0
16914_lr-0.png,1
16915_lr-0.png,0
16916_lr-0.png,0
16917_lr-0.png,0
16918_lr-0.png,0
16919_lr-0.png,1
16920_lr-0.png,0
16921_lr-0.png,1
16922_lr-0.png,0
16923_lr-0.png,0
16924_lr-0.png,0
16925_lr-0.png,1
16926_lr-0.png,0
16927_lr-0.png,1
16928_lr-0.png,0
16929_lr-0.png,0
16930_lr-0.png,0
16931_lr-0.png,0
16932_lr-0.png,0
16933_lr-0.png,0
16934_lr-0.png,0
16935_lr-0.png,0
16936_lr-0.png,0
16937_lr-0.png,0
16938_lr-0.png,0
16939_lr-0.png,1
16940_lr-0.png,0
16941_lr-0.png,0
16942_lr-0.png,1
16943_lr-0.png,1
16944_lr-0.png,0
16945_lr-0.png,1
16946_lr-0.png,1
16947_lr-0.png,1
16948_lr-0.png,0
16949_lr-0.png,0
16950_lr-0.png,1
16951_lr-0.png,0
16952_lr-0.png,0
16953_lr-0.png,1
16954_lr-0.png,0
16955_lr-0.png,1
16956_lr-0.png,1
16957_lr-0.png,0
16958_lr-0.png,0
16959_lr-0.png,0
16960_lr-0.png,1
16961_lr-0.png,1
16962_lr-0.png,0
16963_lr-0.png,0
16964_lr-0.png,0
16965_lr-0.png,0
16966_lr-0.png,0
16967_lr-0.png,1
16968_lr-0.png,1
16969_lr-0.png,0
16970_lr-0.png,0
16971_lr-0.png,0
16972_lr-0.png,0
16973_lr-0.png,1
16974_lr-0.png,1
16975_lr-0.png,1
16976_lr-0.png,0
16977_lr-0.png,1
16978_lr-0.png,0
16979_lr-0.png,0
16980_lr-0.png,1
16981_lr-0.png,0
16982_lr-0.png,0
16983_lr-0.png,0
16984_lr-0.png,0
16985_lr-0.png,0
16986_lr-0.png,0
16987_lr-0.png,0
16988_lr-0.png,1
16989_lr-0.png,0
16990_lr-0.png,0
16991_lr-0.png,1
16992_lr-0.png,0
16993_lr-0.png,1
16994_lr-0.png,1
16995_lr-0.png,0
16996_lr-0.png,1
16997_lr-0.png,1
16998_lr-0.png,1
16999_lr-0.png,0
17000_lr-0.png,0
17001_lr-0.png,0
17002_lr-0.png,0
17003_lr-0.png,1
17004_lr-0.png,0
17005_lr-0.png,1
17006_lr-0.png,1
17007_lr-0.png,0
17008_lr-0.png,1
17009_lr-0.png,0
17010_lr-0.png,0
17011_lr-0.png,0
17012_lr-0.png,0
17013_lr-0.png,1
17014_lr-0.png,1
17015_lr-0.png,0
17016_lr-0.png,0
17017_lr-0.png,0
17018_lr-0.png,1
17019_lr-0.png,0
17020_lr-0.png,0
17021_lr-0.png,1
17022_lr-0.png,1
17023_lr-0.png,1
17024_lr-0.png,1
17025_lr-0.png,1
17026_lr-0.png,0
17027_lr-0.png,1
17028_lr-0.png,1
17029_lr-0.png,1
17030_lr-0.png,0
17031_lr-0.png,1
17032_lr-0.png,0
17033_lr-0.png,1
17034_lr-0.png,0
17035_lr-0.png,0
17036_lr-0.png,0
17037_lr-0.png,0
17038_lr-0.png,0
17039_lr-0.png,1
17040_lr-0.png,0
17041_lr-0.png,0
17042_lr-0.png,0
17043_lr-0.png,0
17044_lr-0.png,1
17045_lr-0.png,1
17046_lr-0.png,0
17047_lr-0.png,0
17048_lr-0.png,1
17049_lr-0.png,0
17050_lr-0.png,0
17051_lr-0.png,1
17052_lr-0.png,0
17053_lr-0.png,0
17054_lr-0.png,0
17055_lr-0.png,1
17056_lr-0.png,1
17057_lr-0.png,0
17058_lr-0.png,1
17059_lr-0.png,1
17060_lr-0.png,1
17061_lr-0.png,1
17062_lr-0.png,0
17063_lr-0.png,1
17064_lr-0.png,0
17065_lr-0.png,0
17066_lr-0.png,0
17067_lr-0.png,0
17068_lr-0.png,0
17069_lr-0.png,0
17070_lr-0.png,0
17071_lr-0.png,0
17072_lr-0.png,0
17073_lr-0.png,0
17074_lr-0.png,0
17075_lr-0.png,0
17076_lr-0.png,0
17077_lr-0.png,0
17078_lr-0.png,0
17079_lr-0.png,0
17080_lr-0.png,0
17081_lr-0.png,0
17082_lr-0.png,1
17083_lr-0.png,0
17084_lr-0.png,0
17085_lr-0.png,1
17086_lr-0.png,0
17087_lr-0.png,0
17088_lr-0.png,1
17089_lr-0.png,0
17090_lr-0.png,1
17091_lr-0.png,0
17092_lr-0.png,0
17093_lr-0.png,0
17094_lr-0.png,0
17095_lr-0.png,0
17096_lr-0.png,0
17097_lr-0.png,1
17098_lr-0.png,0
17099_lr-0.png,0
17100_lr-0.png,0
17101_lr-0.png,1
17102_lr-0.png,0
17103_lr-0.png,0
17104_lr-0.png,1
17105_lr-0.png,0
17106_lr-0.png,0
17107_lr-0.png,0
17108_lr-0.png,0
17109_lr-0.png,1
17110_lr-0.png,1
17111_lr-0.png,0
17112_lr-0.png,0
17113_lr-0.png,0
17114_lr-0.png,0
17115_lr-0.png,1
17116_lr-0.png,0
17117_lr-0.png,1
17118_lr-0.png,0
17119_lr-0.png,0
17120_lr-0.png,0
17121_lr-0.png,1
17122_lr-0.png,0
17123_lr-0.png,1
17124_lr-0.png,0
17125_lr-0.png,0
17126_lr-0.png,0
17127_lr-0.png,1
17128_lr-0.png,1
17129_lr-0.png,0
17130_lr-0.png,0
17131_lr-0.png,0
17132_lr-0.png,0
17133_lr-0.png,1
17134_lr-0.png,1
17135_lr-0.png,0
17136_lr-0.png,0
17137_lr-0.png,1
17138_lr-0.png,0
17139_lr-0.png,0
17140_lr-0.png,0
17141_lr-0.png,0
17142_lr-0.png,1
17143_lr-0.png,0
17144_lr-0.png,0
17145_lr-0.png,1
17146_lr-0.png,1
17147_lr-0.png,1
17148_lr-0.png,0
17149_lr-0.png,1
17150_lr-0.png,1
17151_lr-0.png,0
17152_lr-0.png,0
17153_lr-0.png,1
17154_lr-0.png,0
17155_lr-0.png,0
17156_lr-0.png,0
17157_lr-0.png,1
17158_lr-0.png,0
17159_lr-0.png,0
17160_lr-0.png,0
17161_lr-0.png,1
17162_lr-0.png,1
17163_lr-0.png,0
17164_lr-0.png,0
17165_lr-0.png,0
17166_lr-0.png,1
17167_lr-0.png,0
17168_lr-0.png,1
17169_lr-0.png,1
17170_lr-0.png,0
17171_lr-0.png,1
17172_lr-0.png,0
17173_lr-0.png,0
17174_lr-0.png,1
17175_lr-0.png,0
17176_lr-0.png,1
17177_lr-0.png,0
17178_lr-0.png,1
17179_lr-0.png,1
17180_lr-0.png,0
17181_lr-0.png,1
17182_lr-0.png,0
17183_lr-0.png,0
17184_lr-0.png,0
17185_lr-0.png,1
17186_lr-0.png,1
17187_lr-0.png,1
17188_lr-0.png,1
17189_lr-0.png,0
17190_lr-0.png,0
17191_lr-0.png,1
17192_lr-0.png,1
17193_lr-0.png,1
17194_lr-0.png,1
17195_lr-0.png,1
17196_lr-0.png,0
17197_lr-0.png,1
17198_lr-0.png,0
17199_lr-0.png,0
17200_lr-0.png,1
17201_lr-0.png,1
17202_lr-0.png,0
17203_lr-0.png,1
17204_lr-0.png,1
17205_lr-0.png,1
17206_lr-0.png,0
17207_lr-0.png,0
17208_lr-0.png,1
17209_lr-0.png,1
17210_lr-0.png,1
17211_lr-0.png,0
17212_lr-0.png,1
17213_lr-0.png,1
17214_lr-0.png,1
17215_lr-0.png,1
17216_lr-0.png,1
17217_lr-0.png,0
17218_lr-0.png,0
17219_lr-0.png,1
17220_lr-0.png,0
17221_lr-0.png,0
17222_lr-0.png,0
17223_lr-0.png,0
17224_lr-0.png,1
17225_lr-0.png,0
17226_lr-0.png,0
17227_lr-0.png,0
17228_lr-0.png,0
17229_lr-0.png,0
17230_lr-0.png,1
17231_lr-0.png,1
17232_lr-0.png,0
17233_lr-0.png,0
17234_lr-0.png,0
17235_lr-0.png,0
17236_lr-0.png,0
17237_lr-0.png,0
17238_lr-0.png,1
17239_lr-0.png,0
17240_lr-0.png,0
17241_lr-0.png,0
17242_lr-0.png,0
17243_lr-0.png,1
17244_lr-0.png,0
17245_lr-0.png,1
17246_lr-0.png,1
17247_lr-0.png,0
17248_lr-0.png,0
17249_lr-0.png,1
17250_lr-0.png,0
17251_lr-0.png,0
17252_lr-0.png,0
17253_lr-0.png,0
17254_lr-0.png,0
17255_lr-0.png,1
17256_lr-0.png,0
17257_lr-0.png,0
17258_lr-0.png,1
17259_lr-0.png,0
17260_lr-0.png,0
17261_lr-0.png,0
17262_lr-0.png,0
17263_lr-0.png,0
17264_lr-0.png,0
17265_lr-0.png,0
17266_lr-0.png,0
17267_lr-0.png,0
17268_lr-0.png,1
17269_lr-0.png,0
17270_lr-0.png,0
17271_lr-0.png,0
17272_lr-0.png,0
17273_lr-0.png,1
17274_lr-0.png,0
17275_lr-0.png,0
17276_lr-0.png,0
17277_lr-0.png,0
17278_lr-0.png,1
17279_lr-0.png,0
17280_lr-0.png,0
17281_lr-0.png,0
17282_lr-0.png,0
17283_lr-0.png,1
17284_lr-0.png,0
17285_lr-0.png,0
17286_lr-0.png,0
17287_lr-0.png,0
17288_lr-0.png,0
17289_lr-0.png,1
17290_lr-0.png,1
17291_lr-0.png,0
17292_lr-0.png,1
17293_lr-0.png,1
17294_lr-0.png,0
17295_lr-0.png,0
17296_lr-0.png,0
17297_lr-0.png,0
17298_lr-0.png,0
17299_lr-0.png,1
17300_lr-0.png,1
17301_lr-0.png,1
17302_lr-0.png,0
17303_lr-0.png,0
17304_lr-0.png,0
17305_lr-0.png,0
17306_lr-0.png,0
17307_lr-0.png,1
17308_lr-0.png,0
17309_lr-0.png,0
17310_lr-0.png,0
17311_lr-0.png,1
17312_lr-0.png,0
17313_lr-0.png,0
17314_lr-0.png,0
17315_lr-0.png,1
17316_lr-0.png,0
17317_lr-0.png,1
17318_lr-0.png,0
17319_lr-0.png,0
17320_lr-0.png,0
17321_lr-0.png,0
17322_lr-0.png,0
17323_lr-0.png,0
17324_lr-0.png,1
17325_lr-0.png,0
17326_lr-0.png,1
17327_lr-0.png,1
17328_lr-0.png,1
17329_lr-0.png,0
17330_lr-0.png,0
17331_lr-0.png,1
17332_lr-0.png,0
17333_lr-0.png,0
17334_lr-0.png,0
17335_lr-0.png,1
17336_lr-0.png,0
17337_lr-0.png,0
17338_lr-0.png,1
17339_lr-0.png,0
17340_lr-0.png,1
17341_lr-0.png,1
17342_lr-0.png,0
17343_lr-0.png,1
17344_lr-0.png,1
17345_lr-0.png,0
17346_lr-0.png,0
17347_lr-0.png,0
17348_lr-0.png,1
17349_lr-0.png,1
17350_lr-0.png,0
17351_lr-0.png,0
17352_lr-0.png,1
17353_lr-0.png,1
17354_lr-0.png,1
17355_lr-0.png,1
17356_lr-0.png,1
17357_lr-0.png,1
17358_lr-0.png,1
17359_lr-0.png,0
17360_lr-0.png,0
17361_lr-0.png,0
17362_lr-0.png,0
17363_lr-0.png,0
17364_lr-0.png,0
17365_lr-0.png,0
17366_lr-0.png,0
17367_lr-0.png,1
17368_lr-0.png,0
17369_lr-0.png,0
17370_lr-0.png,1
17371_lr-0.png,0
17372_lr-0.png,1
17373_lr-0.png,1
17374_lr-0.png,0
17375_lr-0.png,1
17376_lr-0.png,1
17377_lr-0.png,1
17378_lr-0.png,1
17379_lr-0.png,0
17380_lr-0.png,1
17381_lr-0.png,0
17382_lr-0.png,0
17383_lr-0.png,0
17384_lr-0.png,0
17385_lr-0.png,0
17386_lr-0.png,0
17387_lr-0.png,0
17388_lr-0.png,1
17389_lr-0.png,0
17390_lr-0.png,0
17391_lr-0.png,0
17392_lr-0.png,0
17393_lr-0.png,0
17394_lr-0.png,0
17395_lr-0.png,0
17396_lr-0.png,1
17397_lr-0.png,0
17398_lr-0.png,0
17399_lr-0.png,0
17400_lr-0.png,1
17401_lr-0.png,0
17402_lr-0.png,1
17403_lr-0.png,0
17404_lr-0.png,0
17405_lr-0.png,0
17406_lr-0.png,0
17407_lr-0.png,0
17408_lr-0.png,0
17409_lr-0.png,0
17410_lr-0.png,0
17411_lr-0.png,1
17412_lr-0.png,1
17413_lr-0.png,0
17414_lr-0.png,1
17415_lr-0.png,0
17416_lr-0.png,0
17417_lr-0.png,1
17418_lr-0.png,0
17419_lr-0.png,0
17420_lr-0.png,0
17421_lr-0.png,0
17422_lr-0.png,1
17423_lr-0.png,0
17424_lr-0.png,1
17425_lr-0.png,0
17426_lr-0.png,0
17427_lr-0.png,0
17428_lr-0.png,1
17429_lr-0.png,1
17430_lr-0.png,0
17431_lr-0.png,0
17432_lr-0.png,1
17433_lr-0.png,1
17434_lr-0.png,1
17435_lr-0.png,1
17436_lr-0.png,1
17437_lr-0.png,0
17438_lr-0.png,1
17439_lr-0.png,0
17440_lr-0.png,0
17441_lr-0.png,0
17442_lr-0.png,1
17443_lr-0.png,1
17444_lr-0.png,0
17445_lr-0.png,0
17446_lr-0.png,0
17447_lr-0.png,0
17448_lr-0.png,0
17449_lr-0.png,0
17450_lr-0.png,0
17451_lr-0.png,1
17452_lr-0.png,0
17453_lr-0.png,1
17454_lr-0.png,1
17455_lr-0.png,1
17456_lr-0.png,0
17457_lr-0.png,0
17458_lr-0.png,1
17459_lr-0.png,1
17460_lr-0.png,0
17461_lr-0.png,1
17462_lr-0.png,1
17463_lr-0.png,0
17464_lr-0.png,0
17465_lr-0.png,1
17466_lr-0.png,0
17467_lr-0.png,0
17468_lr-0.png,1
17469_lr-0.png,0
17470_lr-0.png,0
17471_lr-0.png,0
17472_lr-0.png,1
17473_lr-0.png,1
17474_lr-0.png,1
17475_lr-0.png,1
17476_lr-0.png,0
17477_lr-0.png,0
17478_lr-0.png,1
17479_lr-0.png,1
17480_lr-0.png,0
17481_lr-0.png,0
17482_lr-0.png,0
17483_lr-0.png,0
17484_lr-0.png,0
17485_lr-0.png,0
17486_lr-0.png,1
17487_lr-0.png,0
17488_lr-0.png,0
17489_lr-0.png,1
17490_lr-0.png,1
17491_lr-0.png,1
17492_lr-0.png,0
17493_lr-0.png,0
17494_lr-0.png,1
17495_lr-0.png,1
17496_lr-0.png,1
17497_lr-0.png,0
17498_lr-0.png,1
17499_lr-0.png,1
17500_lr-0.png,0
17501_lr-0.png,0
17502_lr-0.png,0
17503_lr-0.png,0
17504_lr-0.png,0
17505_lr-0.png,0
17506_lr-0.png,0
17507_lr-0.png,1
17508_lr-0.png,1
17509_lr-0.png,0
17510_lr-0.png,1
17511_lr-0.png,1
17512_lr-0.png,0
17513_lr-0.png,1
17514_lr-0.png,0
17515_lr-0.png,0
17516_lr-0.png,1
17517_lr-0.png,0
17518_lr-0.png,0
17519_lr-0.png,0
17520_lr-0.png,0
17521_lr-0.png,0
17522_lr-0.png,0
17523_lr-0.png,1
17524_lr-0.png,1
17525_lr-0.png,1
17526_lr-0.png,1
17527_lr-0.png,1
17528_lr-0.png,1
17529_lr-0.png,1
17530_lr-0.png,0
17531_lr-0.png,0
17532_lr-0.png,1
17533_lr-0.png,1
17534_lr-0.png,1
17535_lr-0.png,0
17536_lr-0.png,0
17537_lr-0.png,0
17538_lr-0.png,0
17539_lr-0.png,0
17540_lr-0.png,1
17541_lr-0.png,1
17542_lr-0.png,1
17543_lr-0.png,1
17544_lr-0.png,1
17545_lr-0.png,1
17546_lr-0.png,0
17547_lr-0.png,1
17548_lr-0.png,0
17549_lr-0.png,0
17550_lr-0.png,1
17551_lr-0.png,0
17552_lr-0.png,0
17553_lr-0.png,1
17554_lr-0.png,0
17555_lr-0.png,1
17556_lr-0.png,1
17557_lr-0.png,0
17558_lr-0.png,0
17559_lr-0.png,0
17560_lr-0.png,0
17561_lr-0.png,1
17562_lr-0.png,0
17563_lr-0.png,0
17564_lr-0.png,0
17565_lr-0.png,0
17566_lr-0.png,0
17567_lr-0.png,0
17568_lr-0.png,1
17569_lr-0.png,0
17570_lr-0.png,1
17571_lr-0.png,1
17572_lr-0.png,0
17573_lr-0.png,1
17574_lr-0.png,1
17575_lr-0.png,0
17576_lr-0.png,1
17577_lr-0.png,1
17578_lr-0.png,0
17579_lr-0.png,1
17580_lr-0.png,1
17581_lr-0.png,0
17582_lr-0.png,0
17583_lr-0.png,0
17584_lr-0.png,1
17585_lr-0.png,1
17586_lr-0.png,0
17587_lr-0.png,0
17588_lr-0.png,0
17589_lr-0.png,1
17590_lr-0.png,0
17591_lr-0.png,0
17592_lr-0.png,1
17593_lr-0.png,1
17594_lr-0.png,1
17595_lr-0.png,1
17596_lr-0.png,1
17597_lr-0.png,1
17598_lr-0.png,1
17599_lr-0.png,0
17600_lr-0.png,0
17601_lr-0.png,0
17602_lr-0.png,1
17603_lr-0.png,0
17604_lr-0.png,0
17605_lr-0.png,1
17606_lr-0.png,1
17607_lr-0.png,1
17608_lr-0.png,1
17609_lr-0.png,1
17610_lr-0.png,0
17611_lr-0.png,0
17612_lr-0.png,1
17613_lr-0.png,1
17614_lr-0.png,0
17615_lr-0.png,0
17616_lr-0.png,0
17617_lr-0.png,0
17618_lr-0.png,0
17619_lr-0.png,0
17620_lr-0.png,1
17621_lr-0.png,1
17622_lr-0.png,1
17623_lr-0.png,1
17624_lr-0.png,1
17625_lr-0.png,0
17626_lr-0.png,0
17627_lr-0.png,1
17628_lr-0.png,1
17629_lr-0.png,1
17630_lr-0.png,1
17631_lr-0.png,0
17632_lr-0.png,1
17633_lr-0.png,0
17634_lr-0.png,0
17635_lr-0.png,1
17636_lr-0.png,1
17637_lr-0.png,0
17638_lr-0.png,0
17639_lr-0.png,0
17640_lr-0.png,0
17641_lr-0.png,1
17642_lr-0.png,1
17643_lr-0.png,0
17644_lr-0.png,0
17645_lr-0.png,1
17646_lr-0.png,0
17647_lr-0.png,1
17648_lr-0.png,0
17649_lr-0.png,0
17650_lr-0.png,0
17651_lr-0.png,0
17652_lr-0.png,0
17653_lr-0.png,0
17654_lr-0.png,1
17655_lr-0.png,0
17656_lr-0.png,0
17657_lr-0.png,0
17658_lr-0.png,0
17659_lr-0.png,1
17660_lr-0.png,0
17661_lr-0.png,1
17662_lr-0.png,0
17663_lr-0.png,0
17664_lr-0.png,0
17665_lr-0.png,0
17666_lr-0.png,1
17667_lr-0.png,0
17668_lr-0.png,1
17669_lr-0.png,0
17670_lr-0.png,0
17671_lr-0.png,1
17672_lr-0.png,1
17673_lr-0.png,0
17674_lr-0.png,0
17675_lr-0.png,0
17676_lr-0.png,1
17677_lr-0.png,1
17678_lr-0.png,1
17679_lr-0.png,0
17680_lr-0.png,1
17681_lr-0.png,0
17682_lr-0.png,0
17683_lr-0.png,1
17684_lr-0.png,1
17685_lr-0.png,1
17686_lr-0.png,1
17687_lr-0.png,1
17688_lr-0.png,1
17689_lr-0.png,1
17690_lr-0.png,0
17691_lr-0.png,1
17692_lr-0.png,1
17693_lr-0.png,0
17694_lr-0.png,1
17695_lr-0.png,1
17696_lr-0.png,0
17697_lr-0.png,1
17698_lr-0.png,1
17699_lr-0.png,1
17700_lr-0.png,0
17701_lr-0.png,0
17702_lr-0.png,0
17703_lr-0.png,1
17704_lr-0.png,0
17705_lr-0.png,0
17706_lr-0.png,1
17707_lr-0.png,1
17708_lr-0.png,1
17709_lr-0.png,0
17710_lr-0.png,1
17711_lr-0.png,1
17712_lr-0.png,0
17713_lr-0.png,1
17714_lr-0.png,0
17715_lr-0.png,1
17716_lr-0.png,0
17717_lr-0.png,1
17718_lr-0.png,1
17719_lr-0.png,0
17720_lr-0.png,1
17721_lr-0.png,0
17722_lr-0.png,0
17723_lr-0.png,1
17724_lr-0.png,0
17725_lr-0.png,1
17726_lr-0.png,0
17727_lr-0.png,1
17728_lr-0.png,1
17729_lr-0.png,1
17730_lr-0.png,1
17731_lr-0.png,1
17732_lr-0.png,0
17733_lr-0.png,1
17734_lr-0.png,1
17735_lr-0.png,1
17736_lr-0.png,0
17737_lr-0.png,1
17738_lr-0.png,1
17739_lr-0.png,1
17740_lr-0.png,1
17741_lr-0.png,1
17742_lr-0.png,1
17743_lr-0.png,0
17744_lr-0.png,0
17745_lr-0.png,0
17746_lr-0.png,1
17747_lr-0.png,0
17748_lr-0.png,1
17749_lr-0.png,1
17750_lr-0.png,1
17751_lr-0.png,0
17752_lr-0.png,1
17753_lr-0.png,1
17754_lr-0.png,1
17755_lr-0.png,1
17756_lr-0.png,1
17757_lr-0.png,0
17758_lr-0.png,0
17759_lr-0.png,0
17760_lr-0.png,1
17761_lr-0.png,1
17762_lr-0.png,1
17763_lr-0.png,0
17764_lr-0.png,1
17765_lr-0.png,0
17766_lr-0.png,0
17767_lr-0.png,0
17768_lr-0.png,0
17769_lr-0.png,0
17770_lr-0.png,0
17771_lr-0.png,1
17772_lr-0.png,0
17773_lr-0.png,1
17774_lr-0.png,1
17775_lr-0.png,0
17776_lr-0.png,1
17777_lr-0.png,1
17778_lr-0.png,0
17779_lr-0.png,0
17780_lr-0.png,1
17781_lr-0.png,0
17782_lr-0.png,0
17783_lr-0.png,1
17784_lr-0.png,0
17785_lr-0.png,0
17786_lr-0.png,0
17787_lr-0.png,0
17788_lr-0.png,1
17789_lr-0.png,0
17790_lr-0.png,0
17791_lr-0.png,1
17792_lr-0.png,1
17793_lr-0.png,0
17794_lr-0.png,1
17795_lr-0.png,0
17796_lr-0.png,1
17797_lr-0.png,1
17798_lr-0.png,0
17799_lr-0.png,1
17800_lr-0.png,1
17801_lr-0.png,0
17802_lr-0.png,0
17803_lr-0.png,1
17804_lr-0.png,0
17805_lr-0.png,1
17806_lr-0.png,1
17807_lr-0.png,1
17808_lr-0.png,0
17809_lr-0.png,0
17810_lr-0.png,0
17811_lr-0.png,1
17812_lr-0.png,1
17813_lr-0.png,1
17814_lr-0.png,1
17815_lr-0.png,1
17816_lr-0.png,0
17817_lr-0.png,1
17818_lr-0.png,0
17819_lr-0.png,0
17820_lr-0.png,1
17821_lr-0.png,1
17822_lr-0.png,1
17823_lr-0.png,0
17824_lr-0.png,1
17825_lr-0.png,1
17826_lr-0.png,0
17827_lr-0.png,1
17828_lr-0.png,0
17829_lr-0.png,0
17830_lr-0.png,0
17831_lr-0.png,0
17832_lr-0.png,0
17833_lr-0.png,0
17834_lr-0.png,1
17835_lr-0.png,1
17836_lr-0.png,1
17837_lr-0.png,0
17838_lr-0.png,0
17839_lr-0.png,0
17840_lr-0.png,0
17841_lr-0.png,1
17842_lr-0.png,1
17843_lr-0.png,0
17844_lr-0.png,0
17845_lr-0.png,1
17846_lr-0.png,0
17847_lr-0.png,1
17848_lr-0.png,1
17849_lr-0.png,0
17850_lr-0.png,1
17851_lr-0.png,0
17852_lr-0.png,1
17853_lr-0.png,1
17854_lr-0.png,0
17855_lr-0.png,0
17856_lr-0.png,0
17857_lr-0.png,0
17858_lr-0.png,0
17859_lr-0.png,1
17860_lr-0.png,0
17861_lr-0.png,1
17862_lr-0.png,0
17863_lr-0.png,1
17864_lr-0.png,1
17865_lr-0.png,1
17866_lr-0.png,0
17867_lr-0.png,1
17868_lr-0.png,0
17869_lr-0.png,0
17870_lr-0.png,0
17871_lr-0.png,1
17872_lr-0.png,1
17873_lr-0.png,0
17874_lr-0.png,1
17875_lr-0.png,1
17876_lr-0.png,0
17877_lr-0.png,0
17878_lr-0.png,1
17879_lr-0.png,0
17880_lr-0.png,1
17881_lr-0.png,0
17882_lr-0.png,1
17883_lr-0.png,1
17884_lr-0.png,0
17885_lr-0.png,0
17886_lr-0.png,1
17887_lr-0.png,1
17888_lr-0.png,1
17889_lr-0.png,0
17890_lr-0.png,0
17891_lr-0.png,1
17892_lr-0.png,0
17893_lr-0.png,1
17894_lr-0.png,0
17895_lr-0.png,1
17896_lr-0.png,0
17897_lr-0.png,1
17898_lr-0.png,0
17899_lr-0.png,1
17900_lr-0.png,0
17901_lr-0.png,1
17902_lr-0.png,1
17903_lr-0.png,0
17904_lr-0.png,0
17905_lr-0.png,0
17906_lr-0.png,0
17907_lr-0.png,0
17908_lr-0.png,1
17909_lr-0.png,0
17910_lr-0.png,0
17911_lr-0.png,1
17912_lr-0.png,1
17913_lr-0.png,0
17914_lr-0.png,0
17915_lr-0.png,0
17916_lr-0.png,0
17917_lr-0.png,0
17918_lr-0.png,1
17919_lr-0.png,1
17920_lr-0.png,0
17921_lr-0.png,1
17922_lr-0.png,0
17923_lr-0.png,0
17924_lr-0.png,0
17925_lr-0.png,1
17926_lr-0.png,1
17927_lr-0.png,1
17928_lr-0.png,1
17929_lr-0.png,1
17930_lr-0.png,0
17931_lr-0.png,0
17932_lr-0.png,0
17933_lr-0.png,1
17934_lr-0.png,0
17935_lr-0.png,1
17936_lr-0.png,0
17937_lr-0.png,0
17938_lr-0.png,1
17939_lr-0.png,0
17940_lr-0.png,0
17941_lr-0.png,1
17942_lr-0.png,0
17943_lr-0.png,0
17944_lr-0.png,1
17945_lr-0.png,0
17946_lr-0.png,1
17947_lr-0.png,1
17948_lr-0.png,1
17949_lr-0.png,0
17950_lr-0.png,1
17951_lr-0.png,0
17952_lr-0.png,0
17953_lr-0.png,0
17954_lr-0.png,0
17955_lr-0.png,0
17956_lr-0.png,1
17957_lr-0.png,1
17958_lr-0.png,1
17959_lr-0.png,0
17960_lr-0.png,0
17961_lr-0.png,0
17962_lr-0.png,1
17963_lr-0.png,0
17964_lr-0.png,1
17965_lr-0.png,0
17966_lr-0.png,0
17967_lr-0.png,0
17968_lr-0.png,0
17969_lr-0.png,1
17970_lr-0.png,1
17971_lr-0.png,1
17972_lr-0.png,1
17973_lr-0.png,0
17974_lr-0.png,1
17975_lr-0.png,1
17976_lr-0.png,0
17977_lr-0.png,0
17978_lr-0.png,1
17979_lr-0.png,1
17980_lr-0.png,0
17981_lr-0.png,1
17982_lr-0.png,1
17983_lr-0.png,0
17984_lr-0.png,1
17985_lr-0.png,1
17986_lr-0.png,0
17987_lr-0.png,1
17988_lr-0.png,0
17989_lr-0.png,0
17990_lr-0.png,0
17991_lr-0.png,1
17992_lr-0.png,1
17993_lr-0.png,0
17994_lr-0.png,1
17995_lr-0.png,0
17996_lr-0.png,1
17997_lr-0.png,1
17998_lr-0.png,0
17999_lr-0.png,0
18000_lr-0.png,1
18001_lr-0.png,1
18002_lr-0.png,1
18003_lr-0.png,0
18004_lr-0.png,1
18005_lr-0.png,1
18006_lr-0.png,0
18007_lr-0.png,1
18008_lr-0.png,0
18009_lr-0.png,1
18010_lr-0.png,0
18011_lr-0.png,0
18012_lr-0.png,0
18013_lr-0.png,0
18014_lr-0.png,1
18015_lr-0.png,0
18016_lr-0.png,0
18017_lr-0.png,0
18018_lr-0.png,0
18019_lr-0.png,0
18020_lr-0.png,0
18021_lr-0.png,0
18022_lr-0.png,1
18023_lr-0.png,1
18024_lr-0.png,1
18025_lr-0.png,0
18026_lr-0.png,1
18027_lr-0.png,0
18028_lr-0.png,1
18029_lr-0.png,0
18030_lr-0.png,0
18031_lr-0.png,1
18032_lr-0.png,0
18033_lr-0.png,0
18034_lr-0.png,0
18035_lr-0.png,0
18036_lr-0.png,1
18037_lr-0.png,0
18038_lr-0.png,0
18039_lr-0.png,0
18040_lr-0.png,1
18041_lr-0.png,1
18042_lr-0.png,1
18043_lr-0.png,1
18044_lr-0.png,1
18045_lr-0.png,0
18046_lr-0.png,0
18047_lr-0.png,1
18048_lr-0.png,1
18049_lr-0.png,0
18050_lr-0.png,1
18051_lr-0.png,1
18052_lr-0.png,0
18053_lr-0.png,0
18054_lr-0.png,0
18055_lr-0.png,1
18056_lr-0.png,0
18057_lr-0.png,0
18058_lr-0.png,0
18059_lr-0.png,0
18060_lr-0.png,1
18061_lr-0.png,1
18062_lr-0.png,0
18063_lr-0.png,1
18064_lr-0.png,0
18065_lr-0.png,0
18066_lr-0.png,0
18067_lr-0.png,0
18068_lr-0.png,1
18069_lr-0.png,1
18070_lr-0.png,0
18071_lr-0.png,0
18072_lr-0.png,1
18073_lr-0.png,1
18074_lr-0.png,1
18075_lr-0.png,1
18076_lr-0.png,0
18077_lr-0.png,1
18078_lr-0.png,0
18079_lr-0.png,1
18080_lr-0.png,0
18081_lr-0.png,0
18082_lr-0.png,0
18083_lr-0.png,1
18084_lr-0.png,1
18085_lr-0.png,1
18086_lr-0.png,1
18087_lr-0.png,1
18088_lr-0.png,0
18089_lr-0.png,0
18090_lr-0.png,0
18091_lr-0.png,0
18092_lr-0.png,0
18093_lr-0.png,0
18094_lr-0.png,0
18095_lr-0.png,1
18096_lr-0.png,0
18097_lr-0.png,0
18098_lr-0.png,1
18099_lr-0.png,0
18100_lr-0.png,0
18101_lr-0.png,0
18102_lr-0.png,0
18103_lr-0.png,0
18104_lr-0.png,1
18105_lr-0.png,1
18106_lr-0.png,1
18107_lr-0.png,0
18108_lr-0.png,0
18109_lr-0.png,1
18110_lr-0.png,0
18111_lr-0.png,1
18112_lr-0.png,0
18113_lr-0.png,0
18114_lr-0.png,1
18115_lr-0.png,0
18116_lr-0.png,0
18117_lr-0.png,0
18118_lr-0.png,0
18119_lr-0.png,0
18120_lr-0.png,1
18121_lr-0.png,0
18122_lr-0.png,0
18123_lr-0.png,0
18124_lr-0.png,0
18125_lr-0.png,1
18126_lr-0.png,0
18127_lr-0.png,1
18128_lr-0.png,1
18129_lr-0.png,1
18130_lr-0.png,1
18131_lr-0.png,0
18132_lr-0.png,1
18133_lr-0.png,1
18134_lr-0.png,1
18135_lr-0.png,1
18136_lr-0.png,1
18137_lr-0.png,0
18138_lr-0.png,1
18139_lr-0.png,1
18140_lr-0.png,0
18141_lr-0.png,0
18142_lr-0.png,0
18143_lr-0.png,0
18144_lr-0.png,0
18145_lr-0.png,0
18146_lr-0.png,0
18147_lr-0.png,0
18148_lr-0.png,1
18149_lr-0.png,0
18151_lr-0.png,1
18152_lr-0.png,0
18153_lr-0.png,1
18154_lr-0.png,1
18155_lr-0.png,0
18156_lr-0.png,0
18157_lr-0.png,0
18158_lr-0.png,1
18159_lr-0.png,0
18160_lr-0.png,1
18161_lr-0.png,1
18162_lr-0.png,0
18163_lr-0.png,1
18164_lr-0.png,0
18165_lr-0.png,0
18166_lr-0.png,0
18167_lr-0.png,1
18168_lr-0.png,1
18169_lr-0.png,0
18170_lr-0.png,0
18171_lr-0.png,1
18172_lr-0.png,1
18173_lr-0.png,0
18174_lr-0.png,1
18175_lr-0.png,1
18176_lr-0.png,0
18177_lr-0.png,1
18178_lr-0.png,0
18179_lr-0.png,0
18180_lr-0.png,0
18181_lr-0.png,0
18182_lr-0.png,1
18183_lr-0.png,1
18184_lr-0.png,1
18185_lr-0.png,1
18186_lr-0.png,0
18187_lr-0.png,1
18188_lr-0.png,0
18189_lr-0.png,0
18190_lr-0.png,0
18191_lr-0.png,1
18192_lr-0.png,1
18193_lr-0.png,0
18194_lr-0.png,0
18195_lr-0.png,1
18196_lr-0.png,1
18197_lr-0.png,0
18198_lr-0.png,0
18199_lr-0.png,1
18200_lr-0.png,1
18201_lr-0.png,1
18202_lr-0.png,0
18203_lr-0.png,0
18204_lr-0.png,1
18205_lr-0.png,0
18206_lr-0.png,0
18207_lr-0.png,1
18208_lr-0.png,1
18209_lr-0.png,0
18210_lr-0.png,1
18211_lr-0.png,0
18212_lr-0.png,1
18213_lr-0.png,0
18214_lr-0.png,1
18215_lr-0.png,0
18216_lr-0.png,0
18217_lr-0.png,1
18218_lr-0.png,0
18219_lr-0.png,0
18220_lr-0.png,0
18221_lr-0.png,0
18222_lr-0.png,0
18223_lr-0.png,0
18224_lr-0.png,1
18225_lr-0.png,0
18226_lr-0.png,1
18227_lr-0.png,0
18228_lr-0.png,0
18229_lr-0.png,1
18230_lr-0.png,1
18231_lr-0.png,1
18232_lr-0.png,1
18233_lr-0.png,1
18234_lr-0.png,0
18235_lr-0.png,0
18236_lr-0.png,0
18237_lr-0.png,1
18238_lr-0.png,0
18239_lr-0.png,1
18240_lr-0.png,0
18241_lr-0.png,0
18242_lr-0.png,1
18243_lr-0.png,0
18244_lr-0.png,1
18245_lr-0.png,1
18246_lr-0.png,0
18247_lr-0.png,0
18248_lr-0.png,1
18249_lr-0.png,0
18250_lr-0.png,0
18251_lr-0.png,0
18252_lr-0.png,0
18253_lr-0.png,1
18254_lr-0.png,0
18255_lr-0.png,0
18256_lr-0.png,0
18257_lr-0.png,0
18258_lr-0.png,0
18259_lr-0.png,1
18260_lr-0.png,1
18261_lr-0.png,0
18262_lr-0.png,1
18263_lr-0.png,0
18264_lr-0.png,1
18265_lr-0.png,0
18266_lr-0.png,1
18267_lr-0.png,1
18268_lr-0.png,1
18269_lr-0.png,0
18270_lr-0.png,1
18271_lr-0.png,0
18272_lr-0.png,1
18273_lr-0.png,0
18274_lr-0.png,1
18275_lr-0.png,1
18276_lr-0.png,0
18277_lr-0.png,0
18278_lr-0.png,0
18279_lr-0.png,0
18280_lr-0.png,1
18281_lr-0.png,0
18282_lr-0.png,0
18283_lr-0.png,0
18284_lr-0.png,1
18285_lr-0.png,1
18286_lr-0.png,1
18287_lr-0.png,0
18288_lr-0.png,1
18289_lr-0.png,1
18290_lr-0.png,0
18291_lr-0.png,0
18292_lr-0.png,0
18293_lr-0.png,0
18294_lr-0.png,0
18295_lr-0.png,0
18296_lr-0.png,0
18297_lr-0.png,0
18298_lr-0.png,0
18299_lr-0.png,0
18300_lr-0.png,1
18301_lr-0.png,0
18302_lr-0.png,0
18303_lr-0.png,0
18304_lr-0.png,0
18305_lr-0.png,0
18306_lr-0.png,0
18307_lr-0.png,0
18308_lr-0.png,0
18309_lr-0.png,0
18310_lr-0.png,0
18311_lr-0.png,1
18312_lr-0.png,1
18313_lr-0.png,0
18314_lr-0.png,0
18315_lr-0.png,0
18316_lr-0.png,0
18317_lr-0.png,0
18318_lr-0.png,0
18319_lr-0.png,0
18320_lr-0.png,0
18321_lr-0.png,0
18322_lr-0.png,1
18323_lr-0.png,0
18324_lr-0.png,0
18325_lr-0.png,0
18326_lr-0.png,1
18327_lr-0.png,1
18328_lr-0.png,0
18329_lr-0.png,1
18330_lr-0.png,1
18331_lr-0.png,1
18332_lr-0.png,1
18333_lr-0.png,1
18334_lr-0.png,0
18335_lr-0.png,1
18336_lr-0.png,0
18337_lr-0.png,0
18338_lr-0.png,1
18339_lr-0.png,0
18340_lr-0.png,1
18341_lr-0.png,1
18342_lr-0.png,1
18343_lr-0.png,0
18344_lr-0.png,0
18345_lr-0.png,0
18346_lr-0.png,1
18347_lr-0.png,0
18348_lr-0.png,0
18349_lr-0.png,0
18350_lr-0.png,0
18351_lr-0.png,1
18352_lr-0.png,1
18353_lr-0.png,0
18354_lr-0.png,0
18355_lr-0.png,0
18356_lr-0.png,1
18357_lr-0.png,0
18358_lr-0.png,0
18359_lr-0.png,0
18360_lr-0.png,0
18361_lr-0.png,0
18362_lr-0.png,0
18363_lr-0.png,0
18364_lr-0.png,0
18365_lr-0.png,1
18366_lr-0.png,1
18367_lr-0.png,1
18368_lr-0.png,1
18369_lr-0.png,1
18370_lr-0.png,1
18371_lr-0.png,1
18372_lr-0.png,0
18373_lr-0.png,0
18374_lr-0.png,1
18375_lr-0.png,0
18376_lr-0.png,0
18377_lr-0.png,1
18378_lr-0.png,0
18379_lr-0.png,1
18380_lr-0.png,0
18381_lr-0.png,0
18382_lr-0.png,1
18383_lr-0.png,0
18384_lr-0.png,1
18385_lr-0.png,1
18386_lr-0.png,0
18387_lr-0.png,1
18388_lr-0.png,0
18389_lr-0.png,0
18390_lr-0.png,1
18391_lr-0.png,1
18392_lr-0.png,1
18393_lr-0.png,1
18394_lr-0.png,1
18395_lr-0.png,1
18396_lr-0.png,0
18397_lr-0.png,0
18398_lr-0.png,1
18399_lr-0.png,1
18400_lr-0.png,1
18401_lr-0.png,0
18402_lr-0.png,1
18403_lr-0.png,0
18404_lr-0.png,1
18405_lr-0.png,0
18406_lr-0.png,0
18407_lr-0.png,1
18408_lr-0.png,0
18409_lr-0.png,0
18410_lr-0.png,0
18411_lr-0.png,0
18412_lr-0.png,0
18413_lr-0.png,0
18414_lr-0.png,0
18415_lr-0.png,1
18416_lr-0.png,1
18417_lr-0.png,0
18418_lr-0.png,0
18419_lr-0.png,1
18420_lr-0.png,1
18421_lr-0.png,0
18422_lr-0.png,0
18423_lr-0.png,0
18424_lr-0.png,1
18425_lr-0.png,0
18426_lr-0.png,0
18427_lr-0.png,1
18428_lr-0.png,0
18429_lr-0.png,0
18430_lr-0.png,0
18431_lr-0.png,0
18432_lr-0.png,0
18433_lr-0.png,0
18434_lr-0.png,1
18435_lr-0.png,0
18436_lr-0.png,1
18437_lr-0.png,1
18438_lr-0.png,0
18439_lr-0.png,0
18440_lr-0.png,0
18441_lr-0.png,0
18442_lr-0.png,0
18443_lr-0.png,0
18444_lr-0.png,0
18445_lr-0.png,0
18446_lr-0.png,1
18447_lr-0.png,1
18448_lr-0.png,1
18449_lr-0.png,1
18450_lr-0.png,0
18451_lr-0.png,1
18452_lr-0.png,1
18453_lr-0.png,0
18454_lr-0.png,0
18455_lr-0.png,0
18456_lr-0.png,1
18457_lr-0.png,0
18458_lr-0.png,0
18459_lr-0.png,0
18460_lr-0.png,1
18461_lr-0.png,0
18462_lr-0.png,0
18463_lr-0.png,0
18464_lr-0.png,0
18465_lr-0.png,0
18466_lr-0.png,1
18467_lr-0.png,0
18468_lr-0.png,0
18469_lr-0.png,0
18470_lr-0.png,0
18471_lr-0.png,0
18472_lr-0.png,1
18473_lr-0.png,1
18474_lr-0.png,1
18475_lr-0.png,0
18476_lr-0.png,0
18477_lr-0.png,0
18478_lr-0.png,0
18479_lr-0.png,0
18480_lr-0.png,0
18481_lr-0.png,0
18482_lr-0.png,0
18483_lr-0.png,0
18484_lr-0.png,1
18485_lr-0.png,0
18486_lr-0.png,1
18487_lr-0.png,0
18488_lr-0.png,0
18489_lr-0.png,0
18490_lr-0.png,0
18491_lr-0.png,1
18492_lr-0.png,0
18493_lr-0.png,0
18494_lr-0.png,0
18495_lr-0.png,0
18496_lr-0.png,1
18497_lr-0.png,0
18498_lr-0.png,1
18499_lr-0.png,0
18500_lr-0.png,0
18501_lr-0.png,1
18502_lr-0.png,0
18503_lr-0.png,0
18504_lr-0.png,0
18505_lr-0.png,1
18506_lr-0.png,0
18507_lr-0.png,0
18508_lr-0.png,1
18509_lr-0.png,1
18510_lr-0.png,1
18511_lr-0.png,0
18512_lr-0.png,0
18513_lr-0.png,0
18514_lr-0.png,1
18515_lr-0.png,1
18516_lr-0.png,0
18517_lr-0.png,1
18518_lr-0.png,1
18519_lr-0.png,1
18520_lr-0.png,0
18521_lr-0.png,0
18522_lr-0.png,1
18523_lr-0.png,0
18524_lr-0.png,1
18525_lr-0.png,0
18526_lr-0.png,0
18527_lr-0.png,1
18528_lr-0.png,0
18529_lr-0.png,0
18530_lr-0.png,0
18531_lr-0.png,0
18532_lr-0.png,0
18533_lr-0.png,0
18534_lr-0.png,0
18535_lr-0.png,1
18536_lr-0.png,0
18537_lr-0.png,0
18538_lr-0.png,0
18539_lr-0.png,0
18540_lr-0.png,1
18541_lr-0.png,0
18542_lr-0.png,0
18543_lr-0.png,1
18544_lr-0.png,1
18545_lr-0.png,0
18546_lr-0.png,0
18547_lr-0.png,1
18548_lr-0.png,0
18549_lr-0.png,0
18550_lr-0.png,0
18551_lr-0.png,1
18552_lr-0.png,0
18553_lr-0.png,1
18554_lr-0.png,0
18555_lr-0.png,0
18556_lr-0.png,1
18557_lr-0.png,0
18558_lr-0.png,0
18559_lr-0.png,0
18560_lr-0.png,0
18561_lr-0.png,0
18562_lr-0.png,1
18563_lr-0.png,1
18564_lr-0.png,0
18565_lr-0.png,1
18566_lr-0.png,0
18567_lr-0.png,1
18568_lr-0.png,0
18569_lr-0.png,0
18570_lr-0.png,0
18571_lr-0.png,1
18572_lr-0.png,1
18573_lr-0.png,0
18574_lr-0.png,1
18575_lr-0.png,0
18576_lr-0.png,0
18577_lr-0.png,0
18578_lr-0.png,1
18579_lr-0.png,1
18580_lr-0.png,1
18581_lr-0.png,0
18582_lr-0.png,0
18583_lr-0.png,0
18584_lr-0.png,0
18585_lr-0.png,1
18586_lr-0.png,0
18587_lr-0.png,0
18588_lr-0.png,1
18589_lr-0.png,1
18590_lr-0.png,1
18591_lr-0.png,0
18592_lr-0.png,0
18593_lr-0.png,0
18594_lr-0.png,1
18595_lr-0.png,1
18596_lr-0.png,0
18597_lr-0.png,1
18598_lr-0.png,0
18599_lr-0.png,0
18600_lr-0.png,0
18601_lr-0.png,1
18602_lr-0.png,0
18603_lr-0.png,1
18604_lr-0.png,0
18605_lr-0.png,1
18606_lr-0.png,0
18607_lr-0.png,0
18608_lr-0.png,0
18609_lr-0.png,1
18610_lr-0.png,1
18611_lr-0.png,0
18612_lr-0.png,1
18613_lr-0.png,1
18614_lr-0.png,0
18615_lr-0.png,0
18616_lr-0.png,1
18617_lr-0.png,0
18618_lr-0.png,0
18619_lr-0.png,0
18620_lr-0.png,1
18621_lr-0.png,0
18622_lr-0.png,1
18623_lr-0.png,1
18624_lr-0.png,1
18625_lr-0.png,0
18626_lr-0.png,1
18627_lr-0.png,0
18628_lr-0.png,0
18629_lr-0.png,1
18630_lr-0.png,1
18631_lr-0.png,1
18632_lr-0.png,0
18633_lr-0.png,0
18634_lr-0.png,1
18635_lr-0.png,0
18636_lr-0.png,0
18637_lr-0.png,0
18638_lr-0.png,0
18639_lr-0.png,1
18640_lr-0.png,1
18641_lr-0.png,1
18642_lr-0.png,0
18643_lr-0.png,1
18644_lr-0.png,0
18645_lr-0.png,0
18646_lr-0.png,0
18647_lr-0.png,0
18648_lr-0.png,0
18649_lr-0.png,1
18650_lr-0.png,1
18651_lr-0.png,1
18652_lr-0.png,1
18653_lr-0.png,0
18654_lr-0.png,1
18655_lr-0.png,0
18656_lr-0.png,1
18657_lr-0.png,0
18658_lr-0.png,1
18659_lr-0.png,0
18660_lr-0.png,0
18661_lr-0.png,1
18662_lr-0.png,0
18663_lr-0.png,0
18664_lr-0.png,1
18665_lr-0.png,0
18666_lr-0.png,1
18667_lr-0.png,1
18668_lr-0.png,0
18669_lr-0.png,0
18670_lr-0.png,0
18671_lr-0.png,0
18672_lr-0.png,1
18673_lr-0.png,1
18674_lr-0.png,0
18675_lr-0.png,0
18676_lr-0.png,0
18677_lr-0.png,0
18678_lr-0.png,0
18679_lr-0.png,0
18680_lr-0.png,0
18681_lr-0.png,0
18682_lr-0.png,1
18683_lr-0.png,0
18684_lr-0.png,1
18685_lr-0.png,0
18686_lr-0.png,0
18687_lr-0.png,0
18688_lr-0.png,1
18689_lr-0.png,0
18690_lr-0.png,0
18691_lr-0.png,0
18692_lr-0.png,0
18693_lr-0.png,0
18694_lr-0.png,0
18695_lr-0.png,0
18696_lr-0.png,0
18697_lr-0.png,0
18698_lr-0.png,0
18699_lr-0.png,1
18700_lr-0.png,0
18701_lr-0.png,1
18702_lr-0.png,0
18703_lr-0.png,0
18704_lr-0.png,0
18705_lr-0.png,0
18706_lr-0.png,0
18707_lr-0.png,0
18708_lr-0.png,0
18709_lr-0.png,0
18710_lr-0.png,0
18711_lr-0.png,0
18712_lr-0.png,0
18713_lr-0.png,0
18714_lr-0.png,0
18715_lr-0.png,0
18716_lr-0.png,0
18717_lr-0.png,0
18718_lr-0.png,1
18719_lr-0.png,0
18720_lr-0.png,1
18721_lr-0.png,1
18722_lr-0.png,0
18723_lr-0.png,0
18724_lr-0.png,0
18725_lr-0.png,0
18726_lr-0.png,0
18727_lr-0.png,0
18728_lr-0.png,0
18729_lr-0.png,0
18730_lr-0.png,0
18731_lr-0.png,1
18732_lr-0.png,0
18733_lr-0.png,1
18734_lr-0.png,0
18735_lr-0.png,0
18736_lr-0.png,0
18737_lr-0.png,0
18738_lr-0.png,1
18739_lr-0.png,0
18740_lr-0.png,0
18741_lr-0.png,1
18742_lr-0.png,1
18743_lr-0.png,1
18744_lr-0.png,1
18745_lr-0.png,0
18746_lr-0.png,0
18747_lr-0.png,0
18748_lr-0.png,0
18749_lr-0.png,0
18750_lr-0.png,0
18751_lr-0.png,1
18752_lr-0.png,0
18753_lr-0.png,1
18754_lr-0.png,0
18755_lr-0.png,0
18756_lr-0.png,0
18757_lr-0.png,0
18758_lr-0.png,0
18759_lr-0.png,0
18760_lr-0.png,0
18761_lr-0.png,1
18762_lr-0.png,0
18763_lr-0.png,0
18764_lr-0.png,0
18765_lr-0.png,1
18766_lr-0.png,0
18767_lr-0.png,0
18768_lr-0.png,0
18769_lr-0.png,0
18770_lr-0.png,0
18771_lr-0.png,0
18772_lr-0.png,0
18773_lr-0.png,1
18774_lr-0.png,1
18775_lr-0.png,0
18776_lr-0.png,0
18777_lr-0.png,0
18778_lr-0.png,1
18779_lr-0.png,1
18780_lr-0.png,1
18781_lr-0.png,0
18782_lr-0.png,0
18783_lr-0.png,0
18784_lr-0.png,1
18785_lr-0.png,0
18786_lr-0.png,0
18787_lr-0.png,1
18788_lr-0.png,0
18789_lr-0.png,1
18790_lr-0.png,1
18791_lr-0.png,0
18792_lr-0.png,0
18793_lr-0.png,0
18794_lr-0.png,0
18795_lr-0.png,0
18796_lr-0.png,0
18797_lr-0.png,0
18798_lr-0.png,0
18799_lr-0.png,0
18800_lr-0.png,0
18801_lr-0.png,0
18802_lr-0.png,1
18803_lr-0.png,1
18804_lr-0.png,0
18805_lr-0.png,0
18806_lr-0.png,1
18807_lr-0.png,0
18808_lr-0.png,0
18809_lr-0.png,0
18810_lr-0.png,0
18811_lr-0.png,0
18812_lr-0.png,0
18813_lr-0.png,1
18814_lr-0.png,0
18815_lr-0.png,1
18816_lr-0.png,1
18817_lr-0.png,0
18818_lr-0.png,0
18819_lr-0.png,1
18820_lr-0.png,0
18821_lr-0.png,1
18822_lr-0.png,1
18823_lr-0.png,0
18824_lr-0.png,0
18825_lr-0.png,1
18826_lr-0.png,1
18827_lr-0.png,0
18828_lr-0.png,0
18829_lr-0.png,0
18830_lr-0.png,1
18831_lr-0.png,0
18832_lr-0.png,0
18833_lr-0.png,1
18834_lr-0.png,0
18835_lr-0.png,0
18836_lr-0.png,0
18837_lr-0.png,0
18838_lr-0.png,0
18839_lr-0.png,1
18840_lr-0.png,0
18841_lr-0.png,0
18842_lr-0.png,0
18843_lr-0.png,1
18844_lr-0.png,0
18845_lr-0.png,0
18846_lr-0.png,1
18847_lr-0.png,1
18848_lr-0.png,1
18849_lr-0.png,0
18850_lr-0.png,0
18851_lr-0.png,0
18852_lr-0.png,0
18853_lr-0.png,1
18854_lr-0.png,1
18855_lr-0.png,1
18856_lr-0.png,0
18857_lr-0.png,1
18858_lr-0.png,1
18859_lr-0.png,0
18860_lr-0.png,1
18861_lr-0.png,1
18862_lr-0.png,0
18863_lr-0.png,0
18864_lr-0.png,0
18865_lr-0.png,1
18866_lr-0.png,1
18867_lr-0.png,0
18868_lr-0.png,1
18869_lr-0.png,0
18870_lr-0.png,0
18871_lr-0.png,0
18872_lr-0.png,1
18873_lr-0.png,0
18874_lr-0.png,1
18875_lr-0.png,0
18876_lr-0.png,0
18877_lr-0.png,0
18878_lr-0.png,0
18879_lr-0.png,0
18880_lr-0.png,0
18881_lr-0.png,0
18882_lr-0.png,1
18883_lr-0.png,0
18884_lr-0.png,0
18885_lr-0.png,0
18886_lr-0.png,0
18887_lr-0.png,0
18888_lr-0.png,1
18889_lr-0.png,0
18890_lr-0.png,0
18891_lr-0.png,0
18892_lr-0.png,0
18893_lr-0.png,0
18894_lr-0.png,1
18895_lr-0.png,0
18896_lr-0.png,1
18897_lr-0.png,1
18898_lr-0.png,1
18899_lr-0.png,0
18900_lr-0.png,1
18901_lr-0.png,0
18902_lr-0.png,1
18903_lr-0.png,0
18904_lr-0.png,1
18905_lr-0.png,0
18906_lr-0.png,1
18907_lr-0.png,1
18908_lr-0.png,0
18909_lr-0.png,0
18910_lr-0.png,1
18911_lr-0.png,0
18912_lr-0.png,0
18913_lr-0.png,1
18914_lr-0.png,0
18915_lr-0.png,0
18916_lr-0.png,0
18917_lr-0.png,0
18918_lr-0.png,0
18919_lr-0.png,0
18920_lr-0.png,0
18921_lr-0.png,1
18922_lr-0.png,1
18923_lr-0.png,1
18924_lr-0.png,0
18925_lr-0.png,1
18926_lr-0.png,1
18927_lr-0.png,1
18928_lr-0.png,0
18929_lr-0.png,0
18930_lr-0.png,0
18931_lr-0.png,1
18932_lr-0.png,1
18933_lr-0.png,0
18934_lr-0.png,0
18935_lr-0.png,0
18936_lr-0.png,1
18937_lr-0.png,0
18938_lr-0.png,1
18939_lr-0.png,1
18940_lr-0.png,0
18941_lr-0.png,1
18942_lr-0.png,1
18943_lr-0.png,0
18944_lr-0.png,0
18945_lr-0.png,0
18946_lr-0.png,1
18947_lr-0.png,0
18948_lr-0.png,0
18949_lr-0.png,0
18950_lr-0.png,0
18951_lr-0.png,1
18952_lr-0.png,0
18953_lr-0.png,1
18954_lr-0.png,0
18955_lr-0.png,0
18956_lr-0.png,0
18957_lr-0.png,0
18958_lr-0.png,1
18959_lr-0.png,1
18960_lr-0.png,0
18961_lr-0.png,1
18962_lr-0.png,0
18963_lr-0.png,0
18964_lr-0.png,1
18965_lr-0.png,1
18966_lr-0.png,0
18967_lr-0.png,0
18968_lr-0.png,1
18969_lr-0.png,1
18970_lr-0.png,1
18971_lr-0.png,1
18972_lr-0.png,1
18973_lr-0.png,0
18974_lr-0.png,0
18975_lr-0.png,1
18976_lr-0.png,0
18977_lr-0.png,1
18978_lr-0.png,1
18979_lr-0.png,1
18980_lr-0.png,0
18981_lr-0.png,1
18982_lr-0.png,1
18983_lr-0.png,0
18984_lr-0.png,0
18985_lr-0.png,0
18986_lr-0.png,0
18987_lr-0.png,0
18988_lr-0.png,0
18989_lr-0.png,0
18990_lr-0.png,1
18991_lr-0.png,1
18992_lr-0.png,1
18993_lr-0.png,0
18994_lr-0.png,0
18995_lr-0.png,0
18996_lr-0.png,0
18997_lr-0.png,0
18998_lr-0.png,1
18999_lr-0.png,1
19000_lr-0.png,0
19001_lr-0.png,0
19002_lr-0.png,0
19003_lr-0.png,1
19004_lr-0.png,1
19005_lr-0.png,0
19006_lr-0.png,1
19007_lr-0.png,0
19008_lr-0.png,1
19009_lr-0.png,1
19010_lr-0.png,0
19011_lr-0.png,1
19012_lr-0.png,1
19013_lr-0.png,0
19014_lr-0.png,1
19015_lr-0.png,0
19016_lr-0.png,1
19017_lr-0.png,0
19018_lr-0.png,0
19019_lr-0.png,1
19020_lr-0.png,1
19021_lr-0.png,0
19022_lr-0.png,1
19023_lr-0.png,0
19024_lr-0.png,0
19025_lr-0.png,1
19026_lr-0.png,0
19027_lr-0.png,1
19028_lr-0.png,0
19029_lr-0.png,0
19030_lr-0.png,0
19031_lr-0.png,0
19032_lr-0.png,1
19033_lr-0.png,0
19034_lr-0.png,1
19035_lr-0.png,1
19036_lr-0.png,1
19037_lr-0.png,0
19038_lr-0.png,1
19039_lr-0.png,0
19040_lr-0.png,1
19041_lr-0.png,0
19042_lr-0.png,1
19043_lr-0.png,0
19044_lr-0.png,0
19045_lr-0.png,0
19046_lr-0.png,0
19047_lr-0.png,0
19048_lr-0.png,1
19049_lr-0.png,0
19050_lr-0.png,0
19051_lr-0.png,1
19052_lr-0.png,1
19053_lr-0.png,0
19054_lr-0.png,0
19055_lr-0.png,0
19056_lr-0.png,0
19057_lr-0.png,1
19058_lr-0.png,1
19059_lr-0.png,1
19060_lr-0.png,0
19061_lr-0.png,0
19062_lr-0.png,0
19063_lr-0.png,1
19064_lr-0.png,1
19065_lr-0.png,0
19066_lr-0.png,1
19067_lr-0.png,0
19068_lr-0.png,0
19069_lr-0.png,1
19070_lr-0.png,1
19071_lr-0.png,0
19072_lr-0.png,0
19073_lr-0.png,0
19074_lr-0.png,0
19075_lr-0.png,0
19076_lr-0.png,0
19077_lr-0.png,1
19078_lr-0.png,0
19079_lr-0.png,0
19080_lr-0.png,1
19081_lr-0.png,0
19082_lr-0.png,0
19083_lr-0.png,0
19084_lr-0.png,0
19085_lr-0.png,0
19086_lr-0.png,1
19087_lr-0.png,1
19088_lr-0.png,1
19089_lr-0.png,1
19090_lr-0.png,1
19091_lr-0.png,1
19092_lr-0.png,0
19093_lr-0.png,0
19094_lr-0.png,0
19095_lr-0.png,1
19096_lr-0.png,0
19097_lr-0.png,0
19098_lr-0.png,0
19099_lr-0.png,1
19100_lr-0.png,0
19101_lr-0.png,1
19102_lr-0.png,0
19103_lr-0.png,0
19104_lr-0.png,0
19105_lr-0.png,0
19106_lr-0.png,0
19107_lr-0.png,1
19108_lr-0.png,0
19109_lr-0.png,0
19110_lr-0.png,0
19111_lr-0.png,0
19112_lr-0.png,1
19113_lr-0.png,0
19114_lr-0.png,0
19115_lr-0.png,0
19116_lr-0.png,0
19117_lr-0.png,0
19118_lr-0.png,0
19119_lr-0.png,1
19120_lr-0.png,1
19121_lr-0.png,0
19122_lr-0.png,1
19123_lr-0.png,1
19124_lr-0.png,0
19125_lr-0.png,0
19126_lr-0.png,0
19127_lr-0.png,0
19128_lr-0.png,0
19129_lr-0.png,0
19130_lr-0.png,1
19131_lr-0.png,0
19132_lr-0.png,1
19133_lr-0.png,1
19134_lr-0.png,0
19135_lr-0.png,0
19136_lr-0.png,1
19137_lr-0.png,1
19138_lr-0.png,0
19139_lr-0.png,1
19140_lr-0.png,0
19141_lr-0.png,0
19142_lr-0.png,0
19143_lr-0.png,0
19144_lr-0.png,1
19145_lr-0.png,0
19146_lr-0.png,0
19147_lr-0.png,0
19148_lr-0.png,0
19149_lr-0.png,0
19150_lr-0.png,0
19151_lr-0.png,1
19152_lr-0.png,0
19153_lr-0.png,0
19154_lr-0.png,1
19155_lr-0.png,0
19156_lr-0.png,0
19157_lr-0.png,0
19158_lr-0.png,0
19159_lr-0.png,0
19160_lr-0.png,1
19161_lr-0.png,0
19162_lr-0.png,1
19163_lr-0.png,0
19164_lr-0.png,0
19165_lr-0.png,1
19166_lr-0.png,1
19167_lr-0.png,0
19168_lr-0.png,1
19169_lr-0.png,1
19170_lr-0.png,0
19171_lr-0.png,0
19172_lr-0.png,1
19173_lr-0.png,0
19174_lr-0.png,1
19175_lr-0.png,0
19176_lr-0.png,0
19177_lr-0.png,0
19178_lr-0.png,1
19179_lr-0.png,1
19180_lr-0.png,1
19181_lr-0.png,1
19182_lr-0.png,0
19183_lr-0.png,1
19184_lr-0.png,1
19185_lr-0.png,1
19186_lr-0.png,1
19187_lr-0.png,0
19188_lr-0.png,1
19189_lr-0.png,1
19190_lr-0.png,0
19191_lr-0.png,1
19192_lr-0.png,0
19193_lr-0.png,1
19194_lr-0.png,1
19195_lr-0.png,1
19196_lr-0.png,1
19197_lr-0.png,1
19198_lr-0.png,0
19199_lr-0.png,1
19200_lr-0.png,1
19201_lr-0.png,0
19202_lr-0.png,0
19203_lr-0.png,0
19204_lr-0.png,0
19205_lr-0.png,1
19206_lr-0.png,1
19207_lr-0.png,0
19208_lr-0.png,1
19209_lr-0.png,0
19210_lr-0.png,0
19211_lr-0.png,0
19212_lr-0.png,1
19213_lr-0.png,1
19214_lr-0.png,0
19215_lr-0.png,0
19216_lr-0.png,0
19217_lr-0.png,1
19218_lr-0.png,1
19219_lr-0.png,0
19220_lr-0.png,0
19221_lr-0.png,1
19222_lr-0.png,1
19223_lr-0.png,1
19224_lr-0.png,1
19225_lr-0.png,1
19226_lr-0.png,0
19227_lr-0.png,1
19228_lr-0.png,0
19229_lr-0.png,1
19230_lr-0.png,1
19231_lr-0.png,1
19232_lr-0.png,0
19233_lr-0.png,1
19234_lr-0.png,1
19235_lr-0.png,1
19236_lr-0.png,1
19237_lr-0.png,1
19238_lr-0.png,1
19239_lr-0.png,1
19240_lr-0.png,0
19241_lr-0.png,1
19242_lr-0.png,1
19243_lr-0.png,0
19244_lr-0.png,1
19245_lr-0.png,0
19246_lr-0.png,1
19247_lr-0.png,0
19248_lr-0.png,0
19249_lr-0.png,1
19250_lr-0.png,0
19251_lr-0.png,0
19252_lr-0.png,1
19253_lr-0.png,1
19254_lr-0.png,1
19255_lr-0.png,1
19256_lr-0.png,1
19257_lr-0.png,1
19258_lr-0.png,0
19259_lr-0.png,0
19260_lr-0.png,0
19261_lr-0.png,1
19262_lr-0.png,0
19263_lr-0.png,0
19264_lr-0.png,0
19265_lr-0.png,1
19266_lr-0.png,0
19267_lr-0.png,0
19268_lr-0.png,0
19269_lr-0.png,0
19270_lr-0.png,0
19271_lr-0.png,1
19272_lr-0.png,0
19273_lr-0.png,0
19274_lr-0.png,0
19275_lr-0.png,0
19276_lr-0.png,0
19277_lr-0.png,1
19278_lr-0.png,1
19279_lr-0.png,0
19280_lr-0.png,1
19281_lr-0.png,0
19282_lr-0.png,1
19283_lr-0.png,1
19284_lr-0.png,0
19285_lr-0.png,0
19286_lr-0.png,1
19287_lr-0.png,1
19288_lr-0.png,0
19289_lr-0.png,1
19290_lr-0.png,0
19291_lr-0.png,1
19292_lr-0.png,0
19293_lr-0.png,1
19294_lr-0.png,0
19295_lr-0.png,1
19296_lr-0.png,1
19297_lr-0.png,1
19298_lr-0.png,0
19299_lr-0.png,0
19300_lr-0.png,0
19301_lr-0.png,0
19302_lr-0.png,1
19303_lr-0.png,0
19304_lr-0.png,1
19305_lr-0.png,0
19306_lr-0.png,1
19307_lr-0.png,1
19308_lr-0.png,1
19309_lr-0.png,0
19310_lr-0.png,1
19311_lr-0.png,0
19312_lr-0.png,1
19313_lr-0.png,1
19314_lr-0.png,1
19315_lr-0.png,1
19316_lr-0.png,0
19317_lr-0.png,1
19318_lr-0.png,0
19319_lr-0.png,0
19320_lr-0.png,1
19321_lr-0.png,0
19322_lr-0.png,1
19323_lr-0.png,1
19324_lr-0.png,1
19325_lr-0.png,0
19326_lr-0.png,0
19327_lr-0.png,0
19328_lr-0.png,0
19329_lr-0.png,0
19330_lr-0.png,0
19331_lr-0.png,1
19332_lr-0.png,1
19333_lr-0.png,1
19334_lr-0.png,0
19335_lr-0.png,1
19336_lr-0.png,0
19337_lr-0.png,0
19338_lr-0.png,0
19339_lr-0.png,1
19340_lr-0.png,0
19341_lr-0.png,0
19342_lr-0.png,0
19343_lr-0.png,0
19344_lr-0.png,1
19345_lr-0.png,0
19346_lr-0.png,1
19347_lr-0.png,0
19348_lr-0.png,0
19349_lr-0.png,0
19350_lr-0.png,1
19351_lr-0.png,0
19352_lr-0.png,1
19353_lr-0.png,0
19354_lr-0.png,0
19355_lr-0.png,0
19356_lr-0.png,0
19357_lr-0.png,1
19358_lr-0.png,0
19359_lr-0.png,0
19360_lr-0.png,0
19361_lr-0.png,1
19362_lr-0.png,0
19363_lr-0.png,0
19364_lr-0.png,0
19365_lr-0.png,1
19366_lr-0.png,0
19367_lr-0.png,1
19368_lr-0.png,0
19369_lr-0.png,0
19370_lr-0.png,0
19371_lr-0.png,0
19372_lr-0.png,0
19373_lr-0.png,0
19374_lr-0.png,0
19375_lr-0.png,0
19376_lr-0.png,1
19377_lr-0.png,0
19378_lr-0.png,0
19379_lr-0.png,0
19380_lr-0.png,0
19381_lr-0.png,0
19382_lr-0.png,0
19383_lr-0.png,0
19384_lr-0.png,0
19385_lr-0.png,0
19386_lr-0.png,1
19387_lr-0.png,1
19388_lr-0.png,0
19389_lr-0.png,0
19390_lr-0.png,0
19391_lr-0.png,0
19392_lr-0.png,0
19393_lr-0.png,0
19394_lr-0.png,0
19395_lr-0.png,0
19396_lr-0.png,0
19397_lr-0.png,1
19398_lr-0.png,0
19399_lr-0.png,0
19400_lr-0.png,0
19401_lr-0.png,0
19402_lr-0.png,0
19403_lr-0.png,0
19404_lr-0.png,0
19405_lr-0.png,0
19406_lr-0.png,0
19407_lr-0.png,0
19408_lr-0.png,0
19409_lr-0.png,0
19410_lr-0.png,1
19411_lr-0.png,0
19412_lr-0.png,1
19413_lr-0.png,1
19414_lr-0.png,1
19415_lr-0.png,0
19416_lr-0.png,1
19417_lr-0.png,1
19418_lr-0.png,0
19419_lr-0.png,1
19420_lr-0.png,1
19421_lr-0.png,0
19422_lr-0.png,1
19423_lr-0.png,0
19424_lr-0.png,1
19425_lr-0.png,0
19426_lr-0.png,0
19427_lr-0.png,0
19428_lr-0.png,0
19429_lr-0.png,0
19430_lr-0.png,0
19431_lr-0.png,1
19432_lr-0.png,1
19433_lr-0.png,1
19434_lr-0.png,0
19435_lr-0.png,1
19436_lr-0.png,0
19437_lr-0.png,1
19438_lr-0.png,0
19439_lr-0.png,0
19440_lr-0.png,1
19441_lr-0.png,0
19442_lr-0.png,1
19443_lr-0.png,0
19444_lr-0.png,0
19445_lr-0.png,0
19446_lr-0.png,1
19447_lr-0.png,1
19448_lr-0.png,0
19449_lr-0.png,0
19450_lr-0.png,1
19451_lr-0.png,0
19452_lr-0.png,0
19453_lr-0.png,0
19454_lr-0.png,0
19455_lr-0.png,0
19456_lr-0.png,0
19457_lr-0.png,0
19458_lr-0.png,1
19459_lr-0.png,0
19460_lr-0.png,0
19461_lr-0.png,1
19462_lr-0.png,0
19463_lr-0.png,0
19464_lr-0.png,0
19465_lr-0.png,0
19466_lr-0.png,1
19467_lr-0.png,0
19468_lr-0.png,1
19469_lr-0.png,1
19470_lr-0.png,1
19471_lr-0.png,0
19472_lr-0.png,1
19473_lr-0.png,1
19474_lr-0.png,0
19475_lr-0.png,1
19476_lr-0.png,0
19477_lr-0.png,0
19478_lr-0.png,1
19479_lr-0.png,0
19480_lr-0.png,0
19481_lr-0.png,0
19482_lr-0.png,0
19483_lr-0.png,0
19484_lr-0.png,0
19485_lr-0.png,1
19486_lr-0.png,1
19487_lr-0.png,1
19488_lr-0.png,0
19489_lr-0.png,0
19490_lr-0.png,0
19491_lr-0.png,0
19492_lr-0.png,1
19493_lr-0.png,0
19494_lr-0.png,0
19495_lr-0.png,1
19496_lr-0.png,0
19497_lr-0.png,1
19498_lr-0.png,0
19499_lr-0.png,1
19500_lr-0.png,0
19501_lr-0.png,0
19502_lr-0.png,1
19503_lr-0.png,1
19504_lr-0.png,0
19505_lr-0.png,1
19506_lr-0.png,0
19507_lr-0.png,0
19508_lr-0.png,1
19509_lr-0.png,0
19510_lr-0.png,0
19511_lr-0.png,0
19512_lr-0.png,1
19513_lr-0.png,0
19514_lr-0.png,1
19515_lr-0.png,0
19516_lr-0.png,0
19517_lr-0.png,0
19518_lr-0.png,0
19519_lr-0.png,0
19520_lr-0.png,0
19521_lr-0.png,1
19522_lr-0.png,1
19523_lr-0.png,1
19524_lr-0.png,1
19525_lr-0.png,1
19526_lr-0.png,0
19527_lr-0.png,1
19528_lr-0.png,0
19529_lr-0.png,1
19530_lr-0.png,0
19531_lr-0.png,1
19532_lr-0.png,1
19533_lr-0.png,0
19534_lr-0.png,1
19535_lr-0.png,0
19536_lr-0.png,0
19537_lr-0.png,1
19538_lr-0.png,1
19539_lr-0.png,0
19540_lr-0.png,0
19541_lr-0.png,0
19542_lr-0.png,1
19543_lr-0.png,1
19544_lr-0.png,0
19545_lr-0.png,0
19546_lr-0.png,1
19547_lr-0.png,0
19548_lr-0.png,0
19549_lr-0.png,1
19550_lr-0.png,0
19551_lr-0.png,0
19552_lr-0.png,1
19553_lr-0.png,1
19554_lr-0.png,1
19555_lr-0.png,0
19556_lr-0.png,0
19557_lr-0.png,0
19558_lr-0.png,1
19559_lr-0.png,0
19560_lr-0.png,0
19561_lr-0.png,0
19562_lr-0.png,0
19563_lr-0.png,0
19564_lr-0.png,1
19565_lr-0.png,0
19566_lr-0.png,0
19567_lr-0.png,1
19568_lr-0.png,1
19569_lr-0.png,0
19570_lr-0.png,0
19571_lr-0.png,0
19572_lr-0.png,0
19573_lr-0.png,0
19574_lr-0.png,0
19575_lr-0.png,0
19576_lr-0.png,1
19577_lr-0.png,0
19578_lr-0.png,0
19579_lr-0.png,0
19580_lr-0.png,1
19581_lr-0.png,0
19582_lr-0.png,0
19583_lr-0.png,0
19584_lr-0.png,0
19585_lr-0.png,1
19586_lr-0.png,1
19587_lr-0.png,1
19588_lr-0.png,0
19589_lr-0.png,0
19590_lr-0.png,0
19591_lr-0.png,0
19592_lr-0.png,0
19593_lr-0.png,1
19594_lr-0.png,0
19595_lr-0.png,1
19596_lr-0.png,0
19597_lr-0.png,0
19598_lr-0.png,0
19599_lr-0.png,0
19600_lr-0.png,0
19601_lr-0.png,1
19602_lr-0.png,0
19603_lr-0.png,0
19604_lr-0.png,0
19605_lr-0.png,1
19606_lr-0.png,0
19607_lr-0.png,0
19608_lr-0.png,0
19609_lr-0.png,0
19610_lr-0.png,0
19611_lr-0.png,0
19612_lr-0.png,0
19613_lr-0.png,0
19614_lr-0.png,0
19615_lr-0.png,0
19616_lr-0.png,1
19617_lr-0.png,0
19618_lr-0.png,1
19619_lr-0.png,0
19620_lr-0.png,0
19621_lr-0.png,0
19622_lr-0.png,0
19623_lr-0.png,0
19624_lr-0.png,1
19625_lr-0.png,1
19626_lr-0.png,0
19627_lr-0.png,1
19628_lr-0.png,0
19629_lr-0.png,0
19630_lr-0.png,0
19631_lr-0.png,1
19632_lr-0.png,0
19633_lr-0.png,0
19634_lr-0.png,1
19635_lr-0.png,0
19636_lr-0.png,0
19637_lr-0.png,0
19638_lr-0.png,0
19639_lr-0.png,0
19640_lr-0.png,0
19641_lr-0.png,0
19642_lr-0.png,1
19643_lr-0.png,0
19644_lr-0.png,0
19645_lr-0.png,0
19646_lr-0.png,0
19647_lr-0.png,0
19648_lr-0.png,0
19649_lr-0.png,1
19650_lr-0.png,0
19651_lr-0.png,0
19652_lr-0.png,1
19653_lr-0.png,0
19654_lr-0.png,0
19655_lr-0.png,1
19656_lr-0.png,1
19657_lr-0.png,0
19658_lr-0.png,1
19659_lr-0.png,0
19660_lr-0.png,1
19661_lr-0.png,0
19662_lr-0.png,0
19663_lr-0.png,0
19664_lr-0.png,0
19665_lr-0.png,0
19666_lr-0.png,1
19667_lr-0.png,0
19668_lr-0.png,0
19669_lr-0.png,1
19670_lr-0.png,1
19671_lr-0.png,0
19672_lr-0.png,1
19673_lr-0.png,0
19674_lr-0.png,0
19675_lr-0.png,1
19676_lr-0.png,0
19677_lr-0.png,1
19678_lr-0.png,0
19679_lr-0.png,1
19680_lr-0.png,0
19681_lr-0.png,0
19682_lr-0.png,0
19683_lr-0.png,0
19684_lr-0.png,1
19685_lr-0.png,1
19686_lr-0.png,0
19687_lr-0.png,1
19688_lr-0.png,0
19689_lr-0.png,0
19690_lr-0.png,0
19691_lr-0.png,0
19692_lr-0.png,1
19693_lr-0.png,1
19694_lr-0.png,0
19695_lr-0.png,0
19696_lr-0.png,1
19697_lr-0.png,1
19698_lr-0.png,0
19699_lr-0.png,1
19700_lr-0.png,0
19701_lr-0.png,0
19702_lr-0.png,0
19703_lr-0.png,1
19704_lr-0.png,0
19705_lr-0.png,1
19706_lr-0.png,0
19707_lr-0.png,1
19708_lr-0.png,1
19709_lr-0.png,0
19710_lr-0.png,0
19711_lr-0.png,0
19712_lr-0.png,0
19713_lr-0.png,0
19714_lr-0.png,0
19715_lr-0.png,0
19716_lr-0.png,0
19717_lr-0.png,1
19718_lr-0.png,1
19719_lr-0.png,0
19720_lr-0.png,1
19721_lr-0.png,0
19722_lr-0.png,1
19723_lr-0.png,1
19724_lr-0.png,1
19725_lr-0.png,1
19726_lr-0.png,0
19727_lr-0.png,1
19728_lr-0.png,1
19729_lr-0.png,1
19730_lr-0.png,0
19731_lr-0.png,1
19732_lr-0.png,1
19733_lr-0.png,1
19734_lr-0.png,0
19735_lr-0.png,1
19736_lr-0.png,0
19737_lr-0.png,0
19738_lr-0.png,1
19739_lr-0.png,0
19740_lr-0.png,0
19741_lr-0.png,0
19742_lr-0.png,0
19743_lr-0.png,0
19744_lr-0.png,0
19745_lr-0.png,1
19746_lr-0.png,1
19747_lr-0.png,1
19748_lr-0.png,0
19749_lr-0.png,1
19750_lr-0.png,0
19751_lr-0.png,0
19752_lr-0.png,1
19753_lr-0.png,1
19754_lr-0.png,0
19755_lr-0.png,0
19756_lr-0.png,0
19757_lr-0.png,0
19758_lr-0.png,0
19759_lr-0.png,0
19760_lr-0.png,1
19761_lr-0.png,0
19762_lr-0.png,0
19763_lr-0.png,1
19764_lr-0.png,1
19765_lr-0.png,1
19766_lr-0.png,1
19767_lr-0.png,0
19768_lr-0.png,0
19769_lr-0.png,0
19770_lr-0.png,0
19771_lr-0.png,0
19772_lr-0.png,0
19773_lr-0.png,0
19774_lr-0.png,0
19775_lr-0.png,1
19776_lr-0.png,0
19777_lr-0.png,0
19778_lr-0.png,0
19779_lr-0.png,0
19780_lr-0.png,0
19781_lr-0.png,1
19782_lr-0.png,1
19783_lr-0.png,0
19784_lr-0.png,0
19785_lr-0.png,0
19786_lr-0.png,0
19787_lr-0.png,0
19788_lr-0.png,1
19789_lr-0.png,0
19790_lr-0.png,0
19791_lr-0.png,0
19792_lr-0.png,1
19793_lr-0.png,0
19794_lr-0.png,0
19795_lr-0.png,1
19796_lr-0.png,0
19797_lr-0.png,0
19798_lr-0.png,1
19799_lr-0.png,0
19800_lr-0.png,0
19801_lr-0.png,0
19802_lr-0.png,0
19803_lr-0.png,0
19804_lr-0.png,1
19805_lr-0.png,1
19806_lr-0.png,1
19807_lr-0.png,0
19808_lr-0.png,1
19809_lr-0.png,1
19810_lr-0.png,0
19811_lr-0.png,0
19812_lr-0.png,1
19813_lr-0.png,1
19814_lr-0.png,0
19815_lr-0.png,0
19816_lr-0.png,0
19817_lr-0.png,0
19818_lr-0.png,0
19819_lr-0.png,1
19820_lr-0.png,1
19821_lr-0.png,0
19822_lr-0.png,0
19823_lr-0.png,0
19824_lr-0.png,0
19825_lr-0.png,1
19826_lr-0.png,1
19827_lr-0.png,0
19828_lr-0.png,0
19829_lr-0.png,1
19830_lr-0.png,1
19831_lr-0.png,0
19832_lr-0.png,0
19833_lr-0.png,0
19834_lr-0.png,1
19835_lr-0.png,1
19836_lr-0.png,0
19837_lr-0.png,0
19838_lr-0.png,0
19839_lr-0.png,0
19840_lr-0.png,1
19841_lr-0.png,0
19842_lr-0.png,0
19843_lr-0.png,1
19844_lr-0.png,1
19845_lr-0.png,0
19846_lr-0.png,1
19847_lr-0.png,0
19848_lr-0.png,0
19849_lr-0.png,0
19850_lr-0.png,1
19851_lr-0.png,0
19852_lr-0.png,0
19853_lr-0.png,1
19854_lr-0.png,1
19855_lr-0.png,1
19856_lr-0.png,1
19857_lr-0.png,1
19858_lr-0.png,0
19859_lr-0.png,0
19860_lr-0.png,1
19861_lr-0.png,0
19862_lr-0.png,0
19863_lr-0.png,1
19864_lr-0.png,0
19865_lr-0.png,0
19866_lr-0.png,1
19867_lr-0.png,1
19868_lr-0.png,1
19869_lr-0.png,0
19870_lr-0.png,0
19871_lr-0.png,0
19872_lr-0.png,0
19873_lr-0.png,0
19874_lr-0.png,0
19875_lr-0.png,0
19876_lr-0.png,0
19877_lr-0.png,0
19878_lr-0.png,0
19879_lr-0.png,0
19880_lr-0.png,0
19881_lr-0.png,0
19882_lr-0.png,0
19883_lr-0.png,0
19884_lr-0.png,1
19885_lr-0.png,0
19886_lr-0.png,0
19887_lr-0.png,0
19888_lr-0.png,0
19889_lr-0.png,1
19890_lr-0.png,1
19891_lr-0.png,0
19892_lr-0.png,1
19893_lr-0.png,1
19894_lr-0.png,0
19895_lr-0.png,1
19896_lr-0.png,0
19897_lr-0.png,0
19898_lr-0.png,0
19899_lr-0.png,0
19900_lr-0.png,0
19901_lr-0.png,1
19902_lr-0.png,0
19903_lr-0.png,1
19904_lr-0.png,0
19905_lr-0.png,1
19906_lr-0.png,0
19907_lr-0.png,0
19908_lr-0.png,1
19909_lr-0.png,0
19910_lr-0.png,1
19911_lr-0.png,0
19912_lr-0.png,0
19913_lr-0.png,1
19914_lr-0.png,0
19915_lr-0.png,0
19916_lr-0.png,1
19917_lr-0.png,0
19918_lr-0.png,0
19919_lr-0.png,1
19920_lr-0.png,0
19921_lr-0.png,0
19922_lr-0.png,1
19923_lr-0.png,0
19924_lr-0.png,1
19925_lr-0.png,0
19926_lr-0.png,0
19927_lr-0.png,0
19928_lr-0.png,1
19929_lr-0.png,1
19930_lr-0.png,1
19931_lr-0.png,0
19932_lr-0.png,0
19933_lr-0.png,1
19934_lr-0.png,0
19935_lr-0.png,0
19936_lr-0.png,0
19937_lr-0.png,0
19938_lr-0.png,0
19939_lr-0.png,0
19940_lr-0.png,1
19941_lr-0.png,0
19942_lr-0.png,1
19943_lr-0.png,0
19944_lr-0.png,1
19945_lr-0.png,1
19946_lr-0.png,1
19947_lr-0.png,1
19948_lr-0.png,1
19949_lr-0.png,1
19950_lr-0.png,1
19951_lr-0.png,0
19952_lr-0.png,0
19953_lr-0.png,0
19954_lr-0.png,1
19955_lr-0.png,1
19956_lr-0.png,0
19957_lr-0.png,1
19958_lr-0.png,1
19959_lr-0.png,1
19960_lr-0.png,1
19961_lr-0.png,0
19962_lr-0.png,0
19963_lr-0.png,1
19964_lr-0.png,1
19965_lr-0.png,1
19966_lr-0.png,0
19967_lr-0.png,0
19968_lr-0.png,0
19969_lr-0.png,1
19970_lr-0.png,0
19971_lr-0.png,1
19972_lr-0.png,0
19973_lr-0.png,0
19974_lr-0.png,0
19975_lr-0.png,0
19976_lr-0.png,0
19977_lr-0.png,1
19978_lr-0.png,0
19979_lr-0.png,1
19980_lr-0.png,1
19981_lr-0.png,1
19982_lr-0.png,1
19983_lr-0.png,1
19984_lr-0.png,1
19985_lr-0.png,1
19986_lr-0.png,1
19987_lr-0.png,1
19988_lr-0.png,0
19989_lr-0.png,0
19990_lr-0.png,0
19991_lr-0.png,0
19992_lr-0.png,0
19993_lr-0.png,0
19994_lr-0.png,1
19995_lr-0.png,0
19996_lr-0.png,1
19997_lr-0.png,1
19998_lr-0.png,1
19999_lr-0.png,0
20000_lr-0.png,0
20001_lr-0.png,0
20002_lr-0.png,0
20003_lr-0.png,0
20004_lr-0.png,0
20005_lr-0.png,0
20006_lr-0.png,0
20007_lr-0.png,0
20008_lr-0.png,0
20009_lr-0.png,1
20010_lr-0.png,0
20011_lr-0.png,1
20012_lr-0.png,0
20013_lr-0.png,0
20014_lr-0.png,1
20015_lr-0.png,0
20016_lr-0.png,1
20017_lr-0.png,1
20018_lr-0.png,1
20019_lr-0.png,0
20020_lr-0.png,0
20021_lr-0.png,0
20022_lr-0.png,0
20023_lr-0.png,1
20024_lr-0.png,0
20025_lr-0.png,1
20026_lr-0.png,1
20027_lr-0.png,1
20028_lr-0.png,0
20029_lr-0.png,1
20030_lr-0.png,0
20031_lr-0.png,0
20032_lr-0.png,1
20033_lr-0.png,1
20034_lr-0.png,1
20035_lr-0.png,0
20036_lr-0.png,0
20037_lr-0.png,1
20038_lr-0.png,0
20039_lr-0.png,0
20040_lr-0.png,0
20041_lr-0.png,0
20042_lr-0.png,0
20043_lr-0.png,0
20044_lr-0.png,1
20045_lr-0.png,1
20046_lr-0.png,0
20047_lr-0.png,1
20048_lr-0.png,0
20049_lr-0.png,0
20050_lr-0.png,0
20051_lr-0.png,0
20052_lr-0.png,0
20053_lr-0.png,1
20054_lr-0.png,1
20055_lr-0.png,0
20056_lr-0.png,0
20057_lr-0.png,0
20058_lr-0.png,1
20059_lr-0.png,0
20060_lr-0.png,1
20061_lr-0.png,0
20062_lr-0.png,0
20063_lr-0.png,0
20064_lr-0.png,0
20065_lr-0.png,0
20066_lr-0.png,1
20067_lr-0.png,0
20068_lr-0.png,0
20069_lr-0.png,0
20070_lr-0.png,1
20071_lr-0.png,1
20072_lr-0.png,0
20073_lr-0.png,0
20074_lr-0.png,1
20075_lr-0.png,0
20076_lr-0.png,1
20077_lr-0.png,0
20078_lr-0.png,0
20079_lr-0.png,0
20080_lr-0.png,0
20081_lr-0.png,0
20082_lr-0.png,1
20083_lr-0.png,0
20084_lr-0.png,0
20085_lr-0.png,0
20086_lr-0.png,0
20087_lr-0.png,1
20088_lr-0.png,0
20089_lr-0.png,1
20090_lr-0.png,0
20091_lr-0.png,1
20092_lr-0.png,0
20093_lr-0.png,0
20094_lr-0.png,1
20095_lr-0.png,0
20096_lr-0.png,0
20097_lr-0.png,0
20098_lr-0.png,0
20099_lr-0.png,0
20100_lr-0.png,0
20101_lr-0.png,1
20102_lr-0.png,0
20103_lr-0.png,0
20104_lr-0.png,1
20105_lr-0.png,0
20106_lr-0.png,0
20107_lr-0.png,1
20108_lr-0.png,0
20109_lr-0.png,0
20110_lr-0.png,1
20111_lr-0.png,1
20112_lr-0.png,1
20113_lr-0.png,0
20114_lr-0.png,1
20115_lr-0.png,1
20116_lr-0.png,1
20117_lr-0.png,1
20118_lr-0.png,0
20119_lr-0.png,1
20120_lr-0.png,0
20121_lr-0.png,0
20122_lr-0.png,1
20123_lr-0.png,0
20124_lr-0.png,1
20125_lr-0.png,0
20126_lr-0.png,1
20127_lr-0.png,1
20128_lr-0.png,0
20129_lr-0.png,1
20130_lr-0.png,1
20131_lr-0.png,1
20132_lr-0.png,0
20133_lr-0.png,1
20134_lr-0.png,1
20135_lr-0.png,1
20136_lr-0.png,0
20137_lr-0.png,0
20138_lr-0.png,1
20139_lr-0.png,0
20140_lr-0.png,0
20141_lr-0.png,0
20142_lr-0.png,0
20143_lr-0.png,1
20144_lr-0.png,0
20145_lr-0.png,0
20146_lr-0.png,0
20147_lr-0.png,0
20148_lr-0.png,1
20149_lr-0.png,1
20150_lr-0.png,1
20151_lr-0.png,1
20152_lr-0.png,0
20153_lr-0.png,0
20154_lr-0.png,0
20155_lr-0.png,0
20156_lr-0.png,1
20157_lr-0.png,0
20158_lr-0.png,0
20159_lr-0.png,0
20160_lr-0.png,1
20161_lr-0.png,0
20162_lr-0.png,1
20163_lr-0.png,0
20164_lr-0.png,1
20165_lr-0.png,1
20166_lr-0.png,0
20167_lr-0.png,0
20168_lr-0.png,1
20169_lr-0.png,0
20170_lr-0.png,0
20171_lr-0.png,1
20172_lr-0.png,1
20173_lr-0.png,0
20174_lr-0.png,0
20175_lr-0.png,0
20176_lr-0.png,1
20177_lr-0.png,0
20178_lr-0.png,1
20179_lr-0.png,1
20180_lr-0.png,1
20181_lr-0.png,0
20182_lr-0.png,1
20183_lr-0.png,0
20184_lr-0.png,0
20185_lr-0.png,0
20186_lr-0.png,0
20187_lr-0.png,0
20188_lr-0.png,0
20189_lr-0.png,0
20190_lr-0.png,1
20191_lr-0.png,0
20192_lr-0.png,1
20193_lr-0.png,0
20194_lr-0.png,1
20195_lr-0.png,0
20196_lr-0.png,0
20197_lr-0.png,0
20198_lr-0.png,1
20199_lr-0.png,1
20200_lr-0.png,0
20201_lr-0.png,1
20202_lr-0.png,0
20203_lr-0.png,1
20204_lr-0.png,0
20205_lr-0.png,0
20206_lr-0.png,0
20207_lr-0.png,1
20208_lr-0.png,0
20209_lr-0.png,0
20210_lr-0.png,0
20211_lr-0.png,0
20212_lr-0.png,0
20213_lr-0.png,1
20214_lr-0.png,0
20215_lr-0.png,0
20216_lr-0.png,1
20217_lr-0.png,0
20218_lr-0.png,0
20219_lr-0.png,0
20220_lr-0.png,1
20221_lr-0.png,1
20222_lr-0.png,0
20223_lr-0.png,1
20224_lr-0.png,0
20225_lr-0.png,0
20226_lr-0.png,0
20227_lr-0.png,0
20228_lr-0.png,1
20229_lr-0.png,1
20230_lr-0.png,0
20231_lr-0.png,0
20232_lr-0.png,0
20233_lr-0.png,0
20234_lr-0.png,0
20235_lr-0.png,1
20236_lr-0.png,0
20237_lr-0.png,0
20238_lr-0.png,0
20239_lr-0.png,0
20240_lr-0.png,0
20241_lr-0.png,1
20242_lr-0.png,0
20243_lr-0.png,0
20244_lr-0.png,1
20245_lr-0.png,0
20246_lr-0.png,1
20247_lr-0.png,0
20248_lr-0.png,0
20249_lr-0.png,1
20250_lr-0.png,1
20251_lr-0.png,0
20252_lr-0.png,0
20253_lr-0.png,1
20254_lr-0.png,0
20255_lr-0.png,1
20256_lr-0.png,1
20257_lr-0.png,1
20258_lr-0.png,1
20259_lr-0.png,1
20260_lr-0.png,1
20261_lr-0.png,1
20262_lr-0.png,1
20263_lr-0.png,1
20264_lr-0.png,1
20265_lr-0.png,1
20266_lr-0.png,1
20267_lr-0.png,1
20268_lr-0.png,1
20269_lr-0.png,1
20270_lr-0.png,0
20271_lr-0.png,1
20272_lr-0.png,0
20273_lr-0.png,0
20274_lr-0.png,0
20275_lr-0.png,1
20276_lr-0.png,1
20277_lr-0.png,0
20278_lr-0.png,1
20279_lr-0.png,0
20280_lr-0.png,1
20281_lr-0.png,1
20282_lr-0.png,0
20283_lr-0.png,0
20284_lr-0.png,0
20285_lr-0.png,1
20286_lr-0.png,0
20287_lr-0.png,0
20288_lr-0.png,0
20289_lr-0.png,0
20290_lr-0.png,0
20291_lr-0.png,1
20292_lr-0.png,1
20293_lr-0.png,1
20294_lr-0.png,0
20295_lr-0.png,0
20296_lr-0.png,0
20297_lr-0.png,1
20298_lr-0.png,1
20299_lr-0.png,0
20300_lr-0.png,0
20301_lr-0.png,0
20302_lr-0.png,1
20303_lr-0.png,0
20304_lr-0.png,0
20305_lr-0.png,0
20306_lr-0.png,0
20307_lr-0.png,0
20308_lr-0.png,0
20309_lr-0.png,0
20310_lr-0.png,0
20311_lr-0.png,0
20312_lr-0.png,0
20313_lr-0.png,0
20314_lr-0.png,1
20315_lr-0.png,0
20316_lr-0.png,0
20317_lr-0.png,0
20318_lr-0.png,1
20319_lr-0.png,0
20320_lr-0.png,0
20321_lr-0.png,0
20322_lr-0.png,0
20323_lr-0.png,0
20324_lr-0.png,0
20325_lr-0.png,0
20326_lr-0.png,1
20327_lr-0.png,0
20328_lr-0.png,0
20329_lr-0.png,0
20330_lr-0.png,0
20331_lr-0.png,1
20332_lr-0.png,1
20333_lr-0.png,0
20334_lr-0.png,0
20335_lr-0.png,1
20336_lr-0.png,1
20337_lr-0.png,1
20338_lr-0.png,0
20339_lr-0.png,0
20340_lr-0.png,0
20341_lr-0.png,0
20342_lr-0.png,0
20343_lr-0.png,0
20344_lr-0.png,1
20345_lr-0.png,0
20346_lr-0.png,1
20347_lr-0.png,0
20348_lr-0.png,0
20349_lr-0.png,0
20350_lr-0.png,0
20351_lr-0.png,1
20352_lr-0.png,0
20353_lr-0.png,0
20354_lr-0.png,0
20355_lr-0.png,1
20356_lr-0.png,1
20357_lr-0.png,0
20358_lr-0.png,0
20359_lr-0.png,1
20360_lr-0.png,1
20361_lr-0.png,0
20362_lr-0.png,0
20363_lr-0.png,0
20364_lr-0.png,0
20365_lr-0.png,0
20366_lr-0.png,1
20367_lr-0.png,0
20368_lr-0.png,0
20369_lr-0.png,0
20370_lr-0.png,0
20371_lr-0.png,0
20372_lr-0.png,0
20373_lr-0.png,0
20374_lr-0.png,1
20375_lr-0.png,0
20376_lr-0.png,0
20377_lr-0.png,0
20378_lr-0.png,0
20379_lr-0.png,0
20380_lr-0.png,0
20381_lr-0.png,0
20382_lr-0.png,0
20383_lr-0.png,1
20384_lr-0.png,0
20385_lr-0.png,0
20386_lr-0.png,0
20387_lr-0.png,1
20388_lr-0.png,0
20389_lr-0.png,0
20390_lr-0.png,0
20391_lr-0.png,0
20392_lr-0.png,0
20393_lr-0.png,1
20394_lr-0.png,0
20395_lr-0.png,0
20396_lr-0.png,0
20397_lr-0.png,1
20398_lr-0.png,0
20399_lr-0.png,0
20400_lr-0.png,0
20401_lr-0.png,1
20402_lr-0.png,1
20403_lr-0.png,0
20404_lr-0.png,0
20405_lr-0.png,1
20406_lr-0.png,0
20407_lr-0.png,1
20408_lr-0.png,0
20409_lr-0.png,0
20410_lr-0.png,0
20411_lr-0.png,1
20412_lr-0.png,0
20413_lr-0.png,0
20414_lr-0.png,1
20415_lr-0.png,0
20416_lr-0.png,0
20417_lr-0.png,0
20418_lr-0.png,1
20419_lr-0.png,0
20420_lr-0.png,0
20421_lr-0.png,0
20422_lr-0.png,0
20423_lr-0.png,0
20424_lr-0.png,0
20425_lr-0.png,0
20426_lr-0.png,0
20427_lr-0.png,0
20428_lr-0.png,1
20429_lr-0.png,1
20430_lr-0.png,0
20431_lr-0.png,0
20432_lr-0.png,0
20433_lr-0.png,0
20434_lr-0.png,1
20435_lr-0.png,1
20436_lr-0.png,0
20437_lr-0.png,1
20438_lr-0.png,0
20439_lr-0.png,0
20440_lr-0.png,0
20441_lr-0.png,0
20442_lr-0.png,1
20443_lr-0.png,0
20444_lr-0.png,0
20445_lr-0.png,1
20446_lr-0.png,0
20447_lr-0.png,0
20448_lr-0.png,0
20449_lr-0.png,1
20450_lr-0.png,1
20451_lr-0.png,0
20452_lr-0.png,0
20453_lr-0.png,1
20454_lr-0.png,1
20455_lr-0.png,1
20456_lr-0.png,0
20457_lr-0.png,0
20458_lr-0.png,1
20459_lr-0.png,1
20460_lr-0.png,1
20461_lr-0.png,1
20462_lr-0.png,0
20463_lr-0.png,1
20464_lr-0.png,0
20465_lr-0.png,1
20466_lr-0.png,1
20467_lr-0.png,0
20468_lr-0.png,0
20469_lr-0.png,0
20470_lr-0.png,0
20471_lr-0.png,0
20472_lr-0.png,0
20473_lr-0.png,0
20474_lr-0.png,0
20475_lr-0.png,0
20476_lr-0.png,0
20477_lr-0.png,1
20478_lr-0.png,1
20479_lr-0.png,0
20480_lr-0.png,1
20481_lr-0.png,1
20482_lr-0.png,1
20483_lr-0.png,1
20484_lr-0.png,0
20485_lr-0.png,0
20486_lr-0.png,0
20487_lr-0.png,1
20488_lr-0.png,0
20489_lr-0.png,1
20490_lr-0.png,0
20491_lr-0.png,1
20492_lr-0.png,0
20493_lr-0.png,0
20494_lr-0.png,0
20495_lr-0.png,1
20496_lr-0.png,0
20497_lr-0.png,1
20498_lr-0.png,0
20499_lr-0.png,0
20500_lr-0.png,1
20501_lr-0.png,0
20502_lr-0.png,1
20503_lr-0.png,0
20504_lr-0.png,1
20505_lr-0.png,0
20506_lr-0.png,0
20507_lr-0.png,0
20508_lr-0.png,0
20509_lr-0.png,1
20510_lr-0.png,0
20511_lr-0.png,0
20512_lr-0.png,0
20513_lr-0.png,0
20514_lr-0.png,0
20515_lr-0.png,0
20516_lr-0.png,1
20517_lr-0.png,0
20518_lr-0.png,0
20519_lr-0.png,0
20520_lr-0.png,1
20521_lr-0.png,0
20522_lr-0.png,0
20523_lr-0.png,1
20524_lr-0.png,0
20525_lr-0.png,0
20526_lr-0.png,1
20527_lr-0.png,1
20528_lr-0.png,0
20529_lr-0.png,0
20530_lr-0.png,0
20531_lr-0.png,0
20532_lr-0.png,1
20533_lr-0.png,0
20534_lr-0.png,0
20535_lr-0.png,1
20536_lr-0.png,0
20537_lr-0.png,1
20538_lr-0.png,1
20539_lr-0.png,0
20540_lr-0.png,0
20541_lr-0.png,1
20542_lr-0.png,0
20543_lr-0.png,0
20544_lr-0.png,0
20545_lr-0.png,0
20546_lr-0.png,1
20547_lr-0.png,0
20548_lr-0.png,1
20549_lr-0.png,1
20550_lr-0.png,0
20551_lr-0.png,0
20552_lr-0.png,0
20553_lr-0.png,0
20554_lr-0.png,1
20555_lr-0.png,0
20556_lr-0.png,1
20557_lr-0.png,0
20558_lr-0.png,0
20559_lr-0.png,0
20560_lr-0.png,0
20561_lr-0.png,0
20562_lr-0.png,0
20563_lr-0.png,0
20564_lr-0.png,0
20565_lr-0.png,1
20566_lr-0.png,0
20567_lr-0.png,0
20568_lr-0.png,1
20569_lr-0.png,0
20570_lr-0.png,0
20571_lr-0.png,0
20572_lr-0.png,0
20573_lr-0.png,0
20574_lr-0.png,1
20575_lr-0.png,0
20576_lr-0.png,1
20577_lr-0.png,0
20578_lr-0.png,1
20579_lr-0.png,0
20580_lr-0.png,0
20581_lr-0.png,0
20582_lr-0.png,0
20583_lr-0.png,0
20584_lr-0.png,0
20585_lr-0.png,0
20586_lr-0.png,0
20587_lr-0.png,0
20588_lr-0.png,0
20589_lr-0.png,1
20590_lr-0.png,0
20591_lr-0.png,1
20592_lr-0.png,0
20593_lr-0.png,1
20594_lr-0.png,0
20595_lr-0.png,0
20596_lr-0.png,0
20597_lr-0.png,0
20598_lr-0.png,0
20599_lr-0.png,1
20600_lr-0.png,0
20601_lr-0.png,1
20602_lr-0.png,0
20603_lr-0.png,1
20604_lr-0.png,0
20605_lr-0.png,0
20606_lr-0.png,0
20607_lr-0.png,0
20608_lr-0.png,0
20609_lr-0.png,1
20610_lr-0.png,0
20611_lr-0.png,0
20612_lr-0.png,0
20613_lr-0.png,0
20614_lr-0.png,1
20615_lr-0.png,0
20616_lr-0.png,0
20617_lr-0.png,0
20618_lr-0.png,0
20619_lr-0.png,0
20620_lr-0.png,0
20621_lr-0.png,1
20622_lr-0.png,0
20623_lr-0.png,1
20624_lr-0.png,1
20625_lr-0.png,0
20626_lr-0.png,0
20627_lr-0.png,1
20628_lr-0.png,1
20629_lr-0.png,0
20630_lr-0.png,1
20631_lr-0.png,0
20632_lr-0.png,0
20633_lr-0.png,0
20634_lr-0.png,0
20635_lr-0.png,1
20636_lr-0.png,0
20637_lr-0.png,1
20638_lr-0.png,0
20639_lr-0.png,1
20640_lr-0.png,0
20641_lr-0.png,0
20642_lr-0.png,0
20643_lr-0.png,0
20644_lr-0.png,0
20645_lr-0.png,0
20646_lr-0.png,0
20647_lr-0.png,1
20648_lr-0.png,1
20649_lr-0.png,1
20650_lr-0.png,0
20651_lr-0.png,1
20652_lr-0.png,0
20653_lr-0.png,0
20654_lr-0.png,0
20655_lr-0.png,0
20656_lr-0.png,0
20657_lr-0.png,1
20658_lr-0.png,0
20659_lr-0.png,1
20660_lr-0.png,0
20661_lr-0.png,0
20662_lr-0.png,0
20663_lr-0.png,1
20664_lr-0.png,0
20665_lr-0.png,0
20666_lr-0.png,1
20667_lr-0.png,0
20668_lr-0.png,0
20669_lr-0.png,1
20670_lr-0.png,0
20671_lr-0.png,1
20672_lr-0.png,1
20673_lr-0.png,0
20674_lr-0.png,0
20675_lr-0.png,0
20676_lr-0.png,1
20677_lr-0.png,0
20678_lr-0.png,0
20679_lr-0.png,1
20680_lr-0.png,0
20681_lr-0.png,0
20682_lr-0.png,0
20683_lr-0.png,0
20684_lr-0.png,1
20685_lr-0.png,0
20686_lr-0.png,0
20687_lr-0.png,0
20688_lr-0.png,0
20689_lr-0.png,0
20690_lr-0.png,1
20691_lr-0.png,0
20692_lr-0.png,1
20693_lr-0.png,0
20694_lr-0.png,0
20695_lr-0.png,0
20696_lr-0.png,1
20697_lr-0.png,0
20698_lr-0.png,0
20699_lr-0.png,0
20700_lr-0.png,0
20701_lr-0.png,0
20702_lr-0.png,1
20703_lr-0.png,1
20704_lr-0.png,1
20705_lr-0.png,1
20706_lr-0.png,0
20707_lr-0.png,1
20708_lr-0.png,0
20709_lr-0.png,0
20710_lr-0.png,1
20711_lr-0.png,0
20712_lr-0.png,0
20713_lr-0.png,1
20714_lr-0.png,1
20715_lr-0.png,0
20716_lr-0.png,1
20717_lr-0.png,0
20718_lr-0.png,0
20719_lr-0.png,1
20720_lr-0.png,1
20721_lr-0.png,0
20722_lr-0.png,0
20723_lr-0.png,0
20724_lr-0.png,1
20725_lr-0.png,0
20726_lr-0.png,0
20727_lr-0.png,0
20728_lr-0.png,0
20729_lr-0.png,0
20730_lr-0.png,1
20731_lr-0.png,1
20732_lr-0.png,0
20733_lr-0.png,0
20734_lr-0.png,0
20735_lr-0.png,0
20736_lr-0.png,1
20737_lr-0.png,0
20738_lr-0.png,0
20739_lr-0.png,0
20740_lr-0.png,0
20741_lr-0.png,0
20742_lr-0.png,1
20743_lr-0.png,0
20744_lr-0.png,0
20745_lr-0.png,0
20746_lr-0.png,1
20747_lr-0.png,1
20748_lr-0.png,1
20749_lr-0.png,0
20750_lr-0.png,0
20751_lr-0.png,0
20752_lr-0.png,0
20753_lr-0.png,0
20754_lr-0.png,0
20755_lr-0.png,1
20756_lr-0.png,0
20757_lr-0.png,0
20758_lr-0.png,1
20759_lr-0.png,0
20760_lr-0.png,0
20761_lr-0.png,0
20762_lr-0.png,1
20763_lr-0.png,0
20764_lr-0.png,0
20765_lr-0.png,1
20766_lr-0.png,1
20767_lr-0.png,1
20768_lr-0.png,0
20769_lr-0.png,0
20770_lr-0.png,0
20771_lr-0.png,1
20772_lr-0.png,0
20773_lr-0.png,0
20774_lr-0.png,1
20775_lr-0.png,0
20776_lr-0.png,0
20777_lr-0.png,0
20778_lr-0.png,0
20779_lr-0.png,0
20780_lr-0.png,0
20781_lr-0.png,0
20782_lr-0.png,0
20783_lr-0.png,1
20784_lr-0.png,0
20785_lr-0.png,0
20786_lr-0.png,0
20787_lr-0.png,0
20788_lr-0.png,0
20789_lr-0.png,0
20790_lr-0.png,0
20791_lr-0.png,0
20792_lr-0.png,0
20793_lr-0.png,1
20794_lr-0.png,0
20795_lr-0.png,1
20796_lr-0.png,1
20797_lr-0.png,0
20798_lr-0.png,0
20799_lr-0.png,1
20800_lr-0.png,0
20801_lr-0.png,0
20802_lr-0.png,0
20803_lr-0.png,0
20804_lr-0.png,0
20805_lr-0.png,1
20806_lr-0.png,0
20807_lr-0.png,0
20808_lr-0.png,0
20809_lr-0.png,0
20810_lr-0.png,1
20811_lr-0.png,1
20812_lr-0.png,0
20813_lr-0.png,0
20814_lr-0.png,1
20815_lr-0.png,0
20816_lr-0.png,0
20817_lr-0.png,0
20818_lr-0.png,1
20819_lr-0.png,0
20820_lr-0.png,0
20821_lr-0.png,0
20822_lr-0.png,1
20823_lr-0.png,0
20824_lr-0.png,0
20825_lr-0.png,0
20826_lr-0.png,0
20827_lr-0.png,0
20828_lr-0.png,0
20829_lr-0.png,0
20830_lr-0.png,0
20831_lr-0.png,1
20832_lr-0.png,0
20833_lr-0.png,0
20834_lr-0.png,1
20835_lr-0.png,0
20836_lr-0.png,1
20837_lr-0.png,0
20838_lr-0.png,1
20839_lr-0.png,0
20840_lr-0.png,0
20841_lr-0.png,1
20842_lr-0.png,1
20843_lr-0.png,0
20844_lr-0.png,0
20845_lr-0.png,1
20846_lr-0.png,1
20847_lr-0.png,0
20848_lr-0.png,0
20849_lr-0.png,0
20850_lr-0.png,0
20851_lr-0.png,0
20852_lr-0.png,1
20853_lr-0.png,0
20854_lr-0.png,1
20855_lr-0.png,0
20856_lr-0.png,1
20857_lr-0.png,1
20858_lr-0.png,0
20859_lr-0.png,0
20860_lr-0.png,1
20861_lr-0.png,1
20862_lr-0.png,0
20863_lr-0.png,1
20864_lr-0.png,0
20865_lr-0.png,0
20866_lr-0.png,0
20867_lr-0.png,0
20868_lr-0.png,0
20869_lr-0.png,1
20870_lr-0.png,0
20871_lr-0.png,0
20872_lr-0.png,0
20873_lr-0.png,0
20874_lr-0.png,0
20875_lr-0.png,1
20876_lr-0.png,1
20877_lr-0.png,0
20878_lr-0.png,0
20879_lr-0.png,1
20880_lr-0.png,0
20881_lr-0.png,1
20882_lr-0.png,0
20883_lr-0.png,0
20884_lr-0.png,0
20885_lr-0.png,0
20886_lr-0.png,0
20887_lr-0.png,1
20888_lr-0.png,1
20889_lr-0.png,0
20890_lr-0.png,0
20891_lr-0.png,1
20892_lr-0.png,1
20893_lr-0.png,0
20894_lr-0.png,0
20895_lr-0.png,0
20896_lr-0.png,1
20897_lr-0.png,1
20898_lr-0.png,0
20899_lr-0.png,1
20900_lr-0.png,1
20901_lr-0.png,0
20902_lr-0.png,0
20903_lr-0.png,1
20904_lr-0.png,0
20905_lr-0.png,1
20906_lr-0.png,1
20907_lr-0.png,1
20908_lr-0.png,0
20909_lr-0.png,0
20910_lr-0.png,0
20911_lr-0.png,0
20912_lr-0.png,1
20913_lr-0.png,1
20914_lr-0.png,1
20915_lr-0.png,0
20916_lr-0.png,0
20917_lr-0.png,0
20918_lr-0.png,0
20919_lr-0.png,0
20920_lr-0.png,0
20921_lr-0.png,0
20922_lr-0.png,0
20923_lr-0.png,0
20924_lr-0.png,0
20925_lr-0.png,1
20926_lr-0.png,0
20927_lr-0.png,0
20928_lr-0.png,0
20929_lr-0.png,1
20930_lr-0.png,0
20931_lr-0.png,0
20932_lr-0.png,0
20933_lr-0.png,1
20934_lr-0.png,1
20935_lr-0.png,0
20936_lr-0.png,0
20937_lr-0.png,1
20938_lr-0.png,0
20939_lr-0.png,0
20940_lr-0.png,1
20941_lr-0.png,0
20942_lr-0.png,0
20943_lr-0.png,1
20944_lr-0.png,1
20945_lr-0.png,0
20946_lr-0.png,0
20947_lr-0.png,0
20948_lr-0.png,0
20949_lr-0.png,0
20950_lr-0.png,0
20951_lr-0.png,0
20952_lr-0.png,0
20953_lr-0.png,0
20954_lr-0.png,0
20955_lr-0.png,1
20956_lr-0.png,0
20957_lr-0.png,0
20958_lr-0.png,0
20959_lr-0.png,0
20960_lr-0.png,0
20961_lr-0.png,0
20962_lr-0.png,1
20963_lr-0.png,0
20964_lr-0.png,1
20965_lr-0.png,0
20966_lr-0.png,0
20967_lr-0.png,1
20968_lr-0.png,1
20969_lr-0.png,0
20970_lr-0.png,0
20971_lr-0.png,0
20972_lr-0.png,0
20973_lr-0.png,0
20974_lr-0.png,0
20975_lr-0.png,0
20976_lr-0.png,0
20977_lr-0.png,0
20978_lr-0.png,1
20979_lr-0.png,1
20980_lr-0.png,0
20981_lr-0.png,1
20982_lr-0.png,0
20983_lr-0.png,0
20984_lr-0.png,0
20985_lr-0.png,0
20986_lr-0.png,0
20987_lr-0.png,0
20988_lr-0.png,0
20989_lr-0.png,0
20990_lr-0.png,0
20991_lr-0.png,1
20992_lr-0.png,0
20993_lr-0.png,1
20994_lr-0.png,1
20995_lr-0.png,1
20996_lr-0.png,0
20997_lr-0.png,0
20998_lr-0.png,0
20999_lr-0.png,1
21000_lr-0.png,0
21001_lr-0.png,0
21002_lr-0.png,0
21003_lr-0.png,0
21004_lr-0.png,0
21005_lr-0.png,0
21006_lr-0.png,0
21007_lr-0.png,1
21008_lr-0.png,0
21009_lr-0.png,0
21010_lr-0.png,0
21011_lr-0.png,0
21012_lr-0.png,0
21013_lr-0.png,0
21014_lr-0.png,1
21015_lr-0.png,1
21016_lr-0.png,0
21017_lr-0.png,0
21018_lr-0.png,0
21019_lr-0.png,0
21020_lr-0.png,1
21021_lr-0.png,0
21022_lr-0.png,0
21023_lr-0.png,0
21024_lr-0.png,0
21025_lr-0.png,0
21026_lr-0.png,1
21027_lr-0.png,1
21028_lr-0.png,0
21029_lr-0.png,1
21030_lr-0.png,1
21031_lr-0.png,1
21032_lr-0.png,0
21033_lr-0.png,0
21034_lr-0.png,1
21035_lr-0.png,0
21036_lr-0.png,1
21037_lr-0.png,0
21038_lr-0.png,0
21039_lr-0.png,1
21040_lr-0.png,0
21041_lr-0.png,0
21042_lr-0.png,0
21043_lr-0.png,1
21044_lr-0.png,0
21045_lr-0.png,0
21046_lr-0.png,0
21047_lr-0.png,0
21048_lr-0.png,0
21049_lr-0.png,0
21050_lr-0.png,0
21051_lr-0.png,0
21052_lr-0.png,1
21053_lr-0.png,0
21054_lr-0.png,1
21055_lr-0.png,0
21056_lr-0.png,0
21057_lr-0.png,0
21058_lr-0.png,1
21059_lr-0.png,0
21060_lr-0.png,0
21061_lr-0.png,1
21062_lr-0.png,0
21063_lr-0.png,0
21064_lr-0.png,0
21065_lr-0.png,0
21066_lr-0.png,0
21067_lr-0.png,0
21068_lr-0.png,0
21069_lr-0.png,1
21070_lr-0.png,0
21071_lr-0.png,0
21072_lr-0.png,0
21073_lr-0.png,1
21074_lr-0.png,0
21075_lr-0.png,0
21076_lr-0.png,0
21077_lr-0.png,0
21078_lr-0.png,0
21079_lr-0.png,0
21080_lr-0.png,1
21081_lr-0.png,1
21082_lr-0.png,0
21083_lr-0.png,1
21084_lr-0.png,0
21085_lr-0.png,0
21086_lr-0.png,0
21087_lr-0.png,1
21088_lr-0.png,1
21089_lr-0.png,0
21090_lr-0.png,0
21091_lr-0.png,0
21092_lr-0.png,0
21093_lr-0.png,0
21094_lr-0.png,1
21095_lr-0.png,1
21096_lr-0.png,0
21097_lr-0.png,0
21098_lr-0.png,1
21099_lr-0.png,0
21100_lr-0.png,0
21101_lr-0.png,1
21102_lr-0.png,1
21103_lr-0.png,1
21104_lr-0.png,0
21105_lr-0.png,0
21106_lr-0.png,1
21107_lr-0.png,0
21108_lr-0.png,0
21109_lr-0.png,0
21110_lr-0.png,0
21111_lr-0.png,0
21112_lr-0.png,0
21113_lr-0.png,0
21114_lr-0.png,0
21115_lr-0.png,0
21116_lr-0.png,0
21117_lr-0.png,0
21118_lr-0.png,1
21119_lr-0.png,0
21120_lr-0.png,0
21121_lr-0.png,0
21122_lr-0.png,1
21123_lr-0.png,0
21124_lr-0.png,0
21125_lr-0.png,1
21126_lr-0.png,1
21127_lr-0.png,0
21128_lr-0.png,0
21129_lr-0.png,1
21130_lr-0.png,0
21131_lr-0.png,0
21132_lr-0.png,0
21133_lr-0.png,1
21134_lr-0.png,0
21135_lr-0.png,0
21136_lr-0.png,0
21137_lr-0.png,0
21138_lr-0.png,0
21139_lr-0.png,0
21140_lr-0.png,0
21141_lr-0.png,0
21142_lr-0.png,0
21143_lr-0.png,0
21144_lr-0.png,1
21145_lr-0.png,0
21146_lr-0.png,0
21147_lr-0.png,0
21148_lr-0.png,0
21149_lr-0.png,1
21150_lr-0.png,0
21151_lr-0.png,0
21152_lr-0.png,0
21153_lr-0.png,0
21154_lr-0.png,0
21155_lr-0.png,0
21156_lr-0.png,0
21157_lr-0.png,0
21158_lr-0.png,0
21159_lr-0.png,0
21160_lr-0.png,0
21161_lr-0.png,1
21162_lr-0.png,0
21163_lr-0.png,0
21164_lr-0.png,1
21165_lr-0.png,0
21166_lr-0.png,0
21167_lr-0.png,1
21168_lr-0.png,0
21169_lr-0.png,0
21170_lr-0.png,0
21171_lr-0.png,0
21172_lr-0.png,0
21173_lr-0.png,0
21174_lr-0.png,1
21175_lr-0.png,0
21176_lr-0.png,0
21177_lr-0.png,1
21178_lr-0.png,0
21179_lr-0.png,0
21180_lr-0.png,1
21181_lr-0.png,0
21182_lr-0.png,0
21183_lr-0.png,1
21184_lr-0.png,0
21185_lr-0.png,1
21186_lr-0.png,1
21187_lr-0.png,1
21188_lr-0.png,1
21189_lr-0.png,1
21190_lr-0.png,1
21191_lr-0.png,0
21192_lr-0.png,0
21193_lr-0.png,0
21194_lr-0.png,0
21195_lr-0.png,1
21196_lr-0.png,0
21197_lr-0.png,0
21198_lr-0.png,1
21199_lr-0.png,1
21200_lr-0.png,0
21201_lr-0.png,0
21202_lr-0.png,0
21203_lr-0.png,0
21204_lr-0.png,1
21205_lr-0.png,0
21206_lr-0.png,0
21207_lr-0.png,0
21208_lr-0.png,0
21209_lr-0.png,0
21210_lr-0.png,0
21211_lr-0.png,0
21212_lr-0.png,0
21213_lr-0.png,0
21214_lr-0.png,1
21215_lr-0.png,1
21216_lr-0.png,0
21217_lr-0.png,0
21218_lr-0.png,0
21219_lr-0.png,1
21220_lr-0.png,1
21221_lr-0.png,1
21222_lr-0.png,0
21223_lr-0.png,0
21224_lr-0.png,0
21225_lr-0.png,0
21226_lr-0.png,0
21227_lr-0.png,0
21228_lr-0.png,0
21229_lr-0.png,0
21230_lr-0.png,1
21231_lr-0.png,1
21232_lr-0.png,0
21233_lr-0.png,0
21234_lr-0.png,0
21235_lr-0.png,0
21236_lr-0.png,0
21237_lr-0.png,0
21238_lr-0.png,1
21239_lr-0.png,0
21240_lr-0.png,0
21241_lr-0.png,1
21242_lr-0.png,0
21243_lr-0.png,0
21244_lr-0.png,0
21245_lr-0.png,1
21246_lr-0.png,0
21247_lr-0.png,0
21248_lr-0.png,0
21249_lr-0.png,1
21250_lr-0.png,1
21251_lr-0.png,0
21252_lr-0.png,1
21253_lr-0.png,1
21254_lr-0.png,0
21255_lr-0.png,0
21256_lr-0.png,0
21257_lr-0.png,1
21258_lr-0.png,1
21259_lr-0.png,1
21260_lr-0.png,0
21261_lr-0.png,1
21262_lr-0.png,0
21263_lr-0.png,0
21264_lr-0.png,1
21265_lr-0.png,0
21266_lr-0.png,0
21267_lr-0.png,1
21268_lr-0.png,0
21269_lr-0.png,1
21270_lr-0.png,1
21271_lr-0.png,0
21272_lr-0.png,0
21273_lr-0.png,0
21274_lr-0.png,0
21275_lr-0.png,0
21276_lr-0.png,1
21277_lr-0.png,0
21278_lr-0.png,0
21279_lr-0.png,0
21280_lr-0.png,0
21281_lr-0.png,0
21282_lr-0.png,1
21283_lr-0.png,0
21284_lr-0.png,1
21285_lr-0.png,0
21286_lr-0.png,1
21287_lr-0.png,1
21288_lr-0.png,0
21289_lr-0.png,0
21290_lr-0.png,1
21291_lr-0.png,0
21292_lr-0.png,0
21293_lr-0.png,0
21294_lr-0.png,0
21295_lr-0.png,0
21296_lr-0.png,0
21297_lr-0.png,1
21298_lr-0.png,1
21299_lr-0.png,0
21300_lr-0.png,0
21301_lr-0.png,0
21302_lr-0.png,1
21303_lr-0.png,0
21304_lr-0.png,0
21305_lr-0.png,0
21306_lr-0.png,0
21307_lr-0.png,0
21308_lr-0.png,1
21309_lr-0.png,0
21310_lr-0.png,0
21311_lr-0.png,1
21312_lr-0.png,0
21313_lr-0.png,0
21314_lr-0.png,0
21315_lr-0.png,1
21316_lr-0.png,0
21317_lr-0.png,0
21318_lr-0.png,0
21319_lr-0.png,0
21320_lr-0.png,0
21321_lr-0.png,0
21322_lr-0.png,1
21323_lr-0.png,0
21324_lr-0.png,0
21325_lr-0.png,0
21326_lr-0.png,0
21327_lr-0.png,0
21328_lr-0.png,0
21329_lr-0.png,0
21330_lr-0.png,0
21331_lr-0.png,0
21332_lr-0.png,0
21333_lr-0.png,0
21334_lr-0.png,1
21335_lr-0.png,0
21336_lr-0.png,0
21337_lr-0.png,0
21338_lr-0.png,0
21339_lr-0.png,0
21340_lr-0.png,0
21341_lr-0.png,1
21342_lr-0.png,0
21343_lr-0.png,0
21344_lr-0.png,1
21345_lr-0.png,1
21346_lr-0.png,1
21347_lr-0.png,0
21348_lr-0.png,0
21349_lr-0.png,0
21350_lr-0.png,0
21351_lr-0.png,0
21352_lr-0.png,0
21353_lr-0.png,0
21354_lr-0.png,1
21355_lr-0.png,1
21356_lr-0.png,1
21357_lr-0.png,0
21358_lr-0.png,0
21359_lr-0.png,0
21360_lr-0.png,0
21361_lr-0.png,1
21362_lr-0.png,0
21363_lr-0.png,0
21364_lr-0.png,0
21365_lr-0.png,0
21366_lr-0.png,1
21367_lr-0.png,1
21368_lr-0.png,0
21369_lr-0.png,0
21370_lr-0.png,0
21371_lr-0.png,0
21372_lr-0.png,0
21373_lr-0.png,0
21374_lr-0.png,0
21375_lr-0.png,0
21376_lr-0.png,1
21377_lr-0.png,0
21378_lr-0.png,0
21379_lr-0.png,1
21380_lr-0.png,0
21381_lr-0.png,1
21382_lr-0.png,0
21383_lr-0.png,1
21384_lr-0.png,0
21385_lr-0.png,1
21386_lr-0.png,1
21387_lr-0.png,0
21388_lr-0.png,0
21389_lr-0.png,0
21390_lr-0.png,0
21391_lr-0.png,1
21392_lr-0.png,0
21393_lr-0.png,0
21394_lr-0.png,1
21395_lr-0.png,0
21396_lr-0.png,0
21397_lr-0.png,0
21398_lr-0.png,0
21399_lr-0.png,0
21400_lr-0.png,1
21401_lr-0.png,0
21402_lr-0.png,0
21403_lr-0.png,0
21404_lr-0.png,0
21405_lr-0.png,0
21406_lr-0.png,0
21407_lr-0.png,1
21408_lr-0.png,0
21409_lr-0.png,0
21410_lr-0.png,0
21411_lr-0.png,1
21412_lr-0.png,0
21413_lr-0.png,1
21414_lr-0.png,0
21415_lr-0.png,1
21416_lr-0.png,0
21417_lr-0.png,0
21418_lr-0.png,1
21419_lr-0.png,0
21420_lr-0.png,0
21421_lr-0.png,0
21422_lr-0.png,0
21423_lr-0.png,0
21424_lr-0.png,0
21425_lr-0.png,1
21426_lr-0.png,0
21427_lr-0.png,0
21428_lr-0.png,0
21429_lr-0.png,1
21430_lr-0.png,0
21431_lr-0.png,0
21432_lr-0.png,1
21433_lr-0.png,1
21434_lr-0.png,1
21435_lr-0.png,0
21436_lr-0.png,1
21437_lr-0.png,0
21438_lr-0.png,1
21439_lr-0.png,0
21440_lr-0.png,1
21441_lr-0.png,1
21442_lr-0.png,0
21443_lr-0.png,1
21444_lr-0.png,1
21445_lr-0.png,0
21446_lr-0.png,0
21447_lr-0.png,1
21448_lr-0.png,1
21449_lr-0.png,1
21450_lr-0.png,0
21451_lr-0.png,0
21452_lr-0.png,0
21453_lr-0.png,1
21454_lr-0.png,0
21455_lr-0.png,0
21456_lr-0.png,0
21457_lr-0.png,0
21458_lr-0.png,0
21459_lr-0.png,0
21460_lr-0.png,0
21461_lr-0.png,0
21462_lr-0.png,1
21463_lr-0.png,0
21464_lr-0.png,0
21465_lr-0.png,0
21466_lr-0.png,1
21467_lr-0.png,0
21468_lr-0.png,1
21469_lr-0.png,1
21470_lr-0.png,1
21471_lr-0.png,0
21472_lr-0.png,0
21473_lr-0.png,1
21474_lr-0.png,0
21475_lr-0.png,0
21476_lr-0.png,0
21477_lr-0.png,1
21478_lr-0.png,0
21479_lr-0.png,1
21480_lr-0.png,1
21481_lr-0.png,0
21482_lr-0.png,0
21483_lr-0.png,0
21484_lr-0.png,0
21485_lr-0.png,0
21486_lr-0.png,0
21487_lr-0.png,0
21488_lr-0.png,1
21489_lr-0.png,0
21490_lr-0.png,0
21491_lr-0.png,0
21492_lr-0.png,1
21493_lr-0.png,1
21494_lr-0.png,0
21495_lr-0.png,1
21496_lr-0.png,0
21497_lr-0.png,0
21498_lr-0.png,0
21499_lr-0.png,0
21500_lr-0.png,0
21501_lr-0.png,0
21502_lr-0.png,1
21503_lr-0.png,0
21504_lr-0.png,0
21505_lr-0.png,0
21506_lr-0.png,1
21507_lr-0.png,1
21508_lr-0.png,1
21509_lr-0.png,0
21510_lr-0.png,0
21511_lr-0.png,0
21512_lr-0.png,0
21513_lr-0.png,1
21514_lr-0.png,1
21515_lr-0.png,0
21516_lr-0.png,0
21517_lr-0.png,0
21518_lr-0.png,0
21519_lr-0.png,0
21520_lr-0.png,0
21521_lr-0.png,0
21522_lr-0.png,0
21523_lr-0.png,0
21524_lr-0.png,1
21525_lr-0.png,1
21526_lr-0.png,1
21527_lr-0.png,0
21528_lr-0.png,0
21529_lr-0.png,0
21530_lr-0.png,0
21531_lr-0.png,0
21532_lr-0.png,0
21533_lr-0.png,0
21534_lr-0.png,0
21535_lr-0.png,0
21536_lr-0.png,1
21537_lr-0.png,0
21538_lr-0.png,1
21539_lr-0.png,1
21540_lr-0.png,0
21541_lr-0.png,0
21542_lr-0.png,1
21543_lr-0.png,0
21544_lr-0.png,1
21545_lr-0.png,1
21546_lr-0.png,0
21547_lr-0.png,1
21548_lr-0.png,1
21549_lr-0.png,1
21550_lr-0.png,1
21551_lr-0.png,1
21552_lr-0.png,0
21553_lr-0.png,0
21554_lr-0.png,1
21555_lr-0.png,0
21556_lr-0.png,0
21557_lr-0.png,0
21558_lr-0.png,1
21559_lr-0.png,1
21560_lr-0.png,1
21561_lr-0.png,0
21562_lr-0.png,0
21563_lr-0.png,0
21564_lr-0.png,0
21565_lr-0.png,0
21566_lr-0.png,1
21567_lr-0.png,0
21568_lr-0.png,0
21569_lr-0.png,0
21570_lr-0.png,1
21571_lr-0.png,1
21572_lr-0.png,0
21573_lr-0.png,0
21574_lr-0.png,0
21575_lr-0.png,0
21576_lr-0.png,1
21577_lr-0.png,0
21578_lr-0.png,0
21579_lr-0.png,0
21580_lr-0.png,1
21581_lr-0.png,1
21582_lr-0.png,0
21583_lr-0.png,1
21584_lr-0.png,0
21585_lr-0.png,0
21586_lr-0.png,1
21587_lr-0.png,0
21588_lr-0.png,1
21589_lr-0.png,1
21590_lr-0.png,0
21591_lr-0.png,0
21592_lr-0.png,0
21593_lr-0.png,1
21594_lr-0.png,0
21595_lr-0.png,0
21596_lr-0.png,0
21597_lr-0.png,1
21598_lr-0.png,0
21599_lr-0.png,1
21600_lr-0.png,0
21601_lr-0.png,0
21602_lr-0.png,0
21603_lr-0.png,0
21604_lr-0.png,0
21605_lr-0.png,0
21606_lr-0.png,0
21607_lr-0.png,1
21608_lr-0.png,0
21609_lr-0.png,1
21610_lr-0.png,0
21611_lr-0.png,1
21612_lr-0.png,1
21613_lr-0.png,0
21614_lr-0.png,0
21615_lr-0.png,0
21616_lr-0.png,1
21617_lr-0.png,1
21618_lr-0.png,1
21619_lr-0.png,0
21620_lr-0.png,1
21621_lr-0.png,0
21622_lr-0.png,1
21623_lr-0.png,0
21624_lr-0.png,0
21625_lr-0.png,1
21626_lr-0.png,0
21627_lr-0.png,0
21628_lr-0.png,0
21629_lr-0.png,0
21630_lr-0.png,1
21631_lr-0.png,0
21632_lr-0.png,0
21633_lr-0.png,0
21634_lr-0.png,0
21635_lr-0.png,0
21636_lr-0.png,0
21637_lr-0.png,0
21638_lr-0.png,1
21639_lr-0.png,0
21640_lr-0.png,1
21641_lr-0.png,1
21642_lr-0.png,0
21643_lr-0.png,0
21644_lr-0.png,1
21645_lr-0.png,0
21646_lr-0.png,1
21647_lr-0.png,0
21648_lr-0.png,0
21649_lr-0.png,1
21650_lr-0.png,0
21651_lr-0.png,0
21652_lr-0.png,0
21653_lr-0.png,0
21654_lr-0.png,0
21655_lr-0.png,0
21656_lr-0.png,0
21657_lr-0.png,0
21658_lr-0.png,0
21659_lr-0.png,0
21660_lr-0.png,0
21661_lr-0.png,1
21662_lr-0.png,0
21663_lr-0.png,1
21664_lr-0.png,1
21665_lr-0.png,0
21666_lr-0.png,1
21667_lr-0.png,1
21668_lr-0.png,1
21669_lr-0.png,0
21670_lr-0.png,0
21671_lr-0.png,0
21672_lr-0.png,0
21673_lr-0.png,0
21674_lr-0.png,0
21675_lr-0.png,0
21676_lr-0.png,0
21677_lr-0.png,0
21678_lr-0.png,0
21679_lr-0.png,0
21680_lr-0.png,0
21681_lr-0.png,0
21682_lr-0.png,0
21683_lr-0.png,1
21684_lr-0.png,1
21685_lr-0.png,0
21686_lr-0.png,0
21687_lr-0.png,0
21688_lr-0.png,1
21689_lr-0.png,0
21690_lr-0.png,0
21691_lr-0.png,0
21692_lr-0.png,0
21693_lr-0.png,0
21694_lr-0.png,1
21695_lr-0.png,1
21696_lr-0.png,1
21697_lr-0.png,0
21698_lr-0.png,0
21699_lr-0.png,0
21700_lr-0.png,0
21701_lr-0.png,1
21702_lr-0.png,1
21703_lr-0.png,0
21704_lr-0.png,1
21705_lr-0.png,1
21706_lr-0.png,1
21707_lr-0.png,0
21708_lr-0.png,1
21709_lr-0.png,0
21710_lr-0.png,0
21711_lr-0.png,0
21712_lr-0.png,0
21713_lr-0.png,0
21714_lr-0.png,0
21715_lr-0.png,0
21716_lr-0.png,0
21717_lr-0.png,1
21718_lr-0.png,0
21719_lr-0.png,1
21720_lr-0.png,0
21721_lr-0.png,1
21722_lr-0.png,0
21723_lr-0.png,0
21724_lr-0.png,1
21725_lr-0.png,0
21726_lr-0.png,1
21727_lr-0.png,1
21728_lr-0.png,1
21729_lr-0.png,1
21730_lr-0.png,1
21731_lr-0.png,0
21732_lr-0.png,1
21733_lr-0.png,0
21734_lr-0.png,0
21735_lr-0.png,0
21736_lr-0.png,0
21737_lr-0.png,0
21738_lr-0.png,0
21739_lr-0.png,0
21740_lr-0.png,0
21741_lr-0.png,0
21742_lr-0.png,0
21743_lr-0.png,0
21744_lr-0.png,1
21745_lr-0.png,0
21746_lr-0.png,1
21747_lr-0.png,1
21748_lr-0.png,0
21749_lr-0.png,1
21750_lr-0.png,0
21751_lr-0.png,1
21752_lr-0.png,0
21753_lr-0.png,0
21754_lr-0.png,0
21755_lr-0.png,1
21756_lr-0.png,1
21757_lr-0.png,0
21758_lr-0.png,1
21759_lr-0.png,0
21760_lr-0.png,1
21761_lr-0.png,0
21762_lr-0.png,0
21763_lr-0.png,0
21764_lr-0.png,0
21765_lr-0.png,0
21766_lr-0.png,0
21767_lr-0.png,0
21768_lr-0.png,0
21769_lr-0.png,0
21770_lr-0.png,0
21771_lr-0.png,0
21772_lr-0.png,0
21773_lr-0.png,1
21774_lr-0.png,0
21775_lr-0.png,0
21776_lr-0.png,0
21777_lr-0.png,1
21778_lr-0.png,0
21779_lr-0.png,0
21780_lr-0.png,0
21781_lr-0.png,0
21782_lr-0.png,1
21783_lr-0.png,1
21784_lr-0.png,0
21785_lr-0.png,0
21786_lr-0.png,0
21787_lr-0.png,0
21788_lr-0.png,0
21789_lr-0.png,1
21790_lr-0.png,1
21791_lr-0.png,1
21792_lr-0.png,0
21793_lr-0.png,0
21794_lr-0.png,0
21795_lr-0.png,1
21796_lr-0.png,0
21797_lr-0.png,0
21798_lr-0.png,0
21799_lr-0.png,0
21800_lr-0.png,1
21801_lr-0.png,1
21802_lr-0.png,1
21803_lr-0.png,0
21804_lr-0.png,0
21805_lr-0.png,0
21806_lr-0.png,0
21807_lr-0.png,1
21808_lr-0.png,1
21809_lr-0.png,1
21810_lr-0.png,1
21811_lr-0.png,0
21812_lr-0.png,0
21813_lr-0.png,1
21814_lr-0.png,1
21815_lr-0.png,0
21816_lr-0.png,0
21817_lr-0.png,0
21818_lr-0.png,1
21819_lr-0.png,0
21820_lr-0.png,0
21821_lr-0.png,1
21822_lr-0.png,1
21823_lr-0.png,1
21824_lr-0.png,0
21825_lr-0.png,1
21826_lr-0.png,0
21827_lr-0.png,0
21828_lr-0.png,0
21829_lr-0.png,1
21830_lr-0.png,1
21831_lr-0.png,1
21832_lr-0.png,0
21833_lr-0.png,0
21834_lr-0.png,1
21835_lr-0.png,0
21836_lr-0.png,1
21837_lr-0.png,1
